<?xml version="1.0" encoding="utf-8"?>
<COLLADA xmlns="http://www.collada.org/2005/11/COLLADASchema" version="1.4.1">
  <asset><contributor><author>Mixamo</author><authoring_tool>COLLADA Mixamo exporter</authoring_tool><comments></comments></contributor><created>2018-11-01T19:28:45Z</created><modified>2018-11-01T19:28:45Z</modified><revision></revision><title></title><unit meter="0.010000"/><up_axis>Y_UP</up_axis></asset>
  <library_animations>
    <animation id="Hips-anim" name="Hips"><source id="Hips-Matrix-animation-input"><float_array id="Hips-Matrix-animation-input-array" count="121">

0.000000 0.033333 0.066667 0.100000 0.133333 0.166667 0.200000 0.233333 0.266667 0.300000 0.333333 0.366667 0.400000 0.433333 0.466667 0.500000
0.533333 0.566667 0.600000 0.633333 0.666667 0.700000 0.733333 0.766667 0.800000 0.833333 0.866667 0.900000 0.933333 0.966667 1.000000 1.033333
1.066667 1.100000 1.133333 1.166667 1.200000 1.233333 1.266667 1.300000 1.333333 1.366667 1.400000 1.433333 1.466667 1.500000 1.533333 1.566667
1.600000 1.633333 1.666667 1.700000 1.733333 1.766667 1.800000 1.833333 1.866667 1.900000 1.933333 1.966667 2.000000 2.033333 2.066667 2.100000
2.133333 2.166667 2.200000 2.233333 2.266667 2.300000 2.333333 2.366667 2.400000 2.433333 2.466667 2.500000 2.533333 2.566667 2.600000 2.633333
2.666667 2.700000 2.733333 2.766667 2.800000 2.833333 2.866667 2.900000 2.933333 2.966667 3.000000 3.033333 3.066667 3.100000 3.133333 3.166667
3.200000 3.233333 3.266667 3.300000 3.333333 3.366667 3.400000 3.433333 3.466667 3.500000 3.533333 3.566667 3.600000 3.633333 3.666667 3.700000
3.733333 3.766667 3.800000 3.833333 3.866667 3.900000 3.933333 3.966667 4.000000</float_array><technique_common><accessor source="#Hips-Matrix-animation-input-array" count="121"><param name="TIME" type="float"/></accessor></technique_common></source><source id="Hips-Matrix-animation-output-transform"><float_array id="Hips-Matrix-animation-output-transform-array" count="1936">

0.728625 0.053774 -0.682798 -0.943130 -0.000945 0.996991 0.077510 96.691162 0.684912 -0.055830 0.726484 0.959376 0.000000 0.000000 0.000000 1.000000
0.726951 0.052832 -0.684654 -0.939940 -0.000313 0.997061 0.076607 96.691444 0.686689 -0.055475 0.724831 0.963729 0.000000 0.000000 0.000000 1.000000
0.725382 0.051512 -0.686417 -0.935601 0.000380 0.997166 0.075234 96.693016 0.688347 -0.054834 0.723306 0.963156 0.000000 0.000000 0.000000 1.000000
0.724578 0.050700 -0.687326 -0.930411 0.000652 0.997240 0.074248 96.682526 0.689193 -0.054246 0.722545 0.964463 0.000000 0.000000 0.000000 1.000000
0.724190 0.049870 -0.687795 -0.926605 0.000659 0.997331 0.073007 96.665794 0.689600 -0.053324 0.722225 0.970176 0.000000 0.000000 0.000000 1.000000
0.724165 0.048846 -0.687895 -0.928510 0.000949 0.997417 0.071824 96.658119 0.689626 -0.052665 0.722248 0.972214 0.000000 0.000000 0.000000 1.000000
0.724213 0.047530 -0.687936 -0.925654 0.001299 0.997526 0.070287 96.655632 0.689575 -0.051797 0.722360 0.971303 0.000000 0.000000 0.000000 1.000000
0.724613 0.045913 -0.687625 -0.925379 0.001997 0.997634 0.068717 96.670601 0.689153 -0.051167 0.722807 0.969925 0.000000 0.000000 0.000000 1.000000
0.724642 0.043721 -0.687737 -0.917941 0.002721 0.997796 0.066299 96.666542 0.689120 -0.049915 0.722926 0.981173 0.000000 0.000000 0.000000 1.000000
0.724174 0.040946 -0.688401 -0.932282 0.004648 0.997923 0.064246 96.679024 0.689602 -0.049725 0.722479 1.000600 0.000000 0.000000 0.000000 1.000000
0.724787 0.038852 -0.687876 -0.935844 0.005471 0.998053 0.062136 96.689369 0.688951 -0.048798 0.723163 1.019331 0.000000 0.000000 0.000000 1.000000
0.726409 0.037378 -0.686245 -0.946937 0.005312 0.998185 0.059992 96.692429 0.687242 -0.047224 0.724892 1.043373 0.000000 0.000000 0.000000 1.000000
0.727861 0.036410 -0.684757 -0.961434 0.004899 0.998288 0.058289 96.690643 0.685707 -0.045781 0.726436 1.065576 0.000000 0.000000 0.000000 1.000000
0.729759 0.036007 -0.682756 -0.973858 0.004420 0.998343 0.057374 96.678741 0.683690 -0.044887 0.728390 1.079059 0.000000 0.000000 0.000000 1.000000
0.734445 0.036494 -0.677686 -0.971530 0.002601 0.998394 0.056584 96.635063 0.678663 -0.043320 0.733171 1.102332 0.000000 0.000000 0.000000 1.000000
0.742823 0.037803 -0.668419 -0.964611 0.000190 0.998393 0.056676 96.553947 0.669487 -0.042227 0.741622 1.138529 0.000000 0.000000 0.000000 1.000000
0.754975 0.038375 -0.654630 -0.988056 -0.001444 0.998381 0.056861 96.478912 0.655752 -0.041983 0.753808 1.173833 0.000000 0.000000 0.000000 1.000000
0.770024 0.038786 -0.636835 -1.054342 -0.003085 0.998365 0.057074 96.430473 0.638007 -0.041983 0.768885 1.209759 0.000000 0.000000 0.000000 1.000000
0.787921 0.039514 -0.614507 -1.146245 -0.005110 0.998324 0.057643 96.402855 0.615755 -0.042278 0.786802 1.257883 0.000000 0.000000 0.000000 1.000000
0.806316 0.038680 -0.590219 -1.201654 -0.006194 0.998357 0.056966 96.364227 0.591453 -0.042277 0.805231 1.317654 0.000000 0.000000 0.000000 1.000000
0.825516 0.037091 -0.563158 -1.239998 -0.006248 0.998378 0.056597 96.322731 0.564344 -0.043203 0.824409 1.390239 0.000000 0.000000 0.000000 1.000000
0.845316 0.034282 -0.533166 -1.249772 -0.005521 0.998446 0.055446 96.264633 0.534239 -0.043926 0.844192 1.483566 0.000000 0.000000 0.000000 1.000000
0.864828 0.031160 -0.501100 -1.237113 -0.004962 0.998554 0.053529 96.191315 0.502043 -0.043807 0.863732 1.595636 0.000000 0.000000 0.000000 1.000000
0.885747 0.027713 -0.463340 -1.202563 -0.003942 0.998629 0.052194 96.107582 0.464152 -0.044404 0.884642 1.703881 0.000000 0.000000 0.000000 1.000000
0.907492 0.023102 -0.419433 -1.141724 -0.002296 0.998744 0.050044 96.002884 0.420063 -0.044452 0.906406 1.832415 0.000000 0.000000 0.000000 1.000000
0.928847 0.017788 -0.370037 -1.058771 0.000248 0.998817 0.048636 95.888153 0.370464 -0.045267 0.927743 1.994118 0.000000 0.000000 0.000000 1.000000
0.949168 0.011417 -0.314563 -0.964936 0.003871 0.998843 0.047936 95.758743 0.314747 -0.046717 0.948025 2.163589 0.000000 0.000000 0.000000 1.000000
0.968178 0.003030 -0.250244 -0.854054 0.008984 0.998861 0.046853 95.588737 0.250101 -0.047610 0.967049 2.354222 0.000000 0.000000 0.000000 1.000000
0.983287 -0.005425 -0.181979 -0.759975 0.014179 0.998802 0.046836 95.407997 0.181507 -0.048634 0.982186 2.542911 0.000000 0.000000 0.000000 1.000000
0.994269 -0.013399 -0.106063 -0.645112 0.018576 0.998676 0.047973 95.206177 0.105280 -0.049668 0.993201 2.714728 0.000000 0.000000 0.000000 1.000000
0.999297 -0.021093 -0.030990 -0.547427 0.022591 0.998553 0.048810 95.019432 0.029916 -0.049476 0.998327 2.834971 0.000000 0.000000 0.000000 1.000000
0.998866 -0.027304 0.039009 -0.452397 0.025362 0.998456 0.049430 94.848358 -0.040299 -0.048385 0.998016 2.900693 0.000000 0.000000 0.000000 1.000000
0.993957 -0.032728 0.104775 -0.378924 0.027503 0.998323 0.050931 94.677811 -0.106267 -0.047742 0.993191 2.941819 0.000000 0.000000 0.000000 1.000000
0.986643 -0.037245 0.158580 -0.326274 0.029167 0.998170 0.052965 94.557030 -0.160262 -0.047632 0.985925 2.945046 0.000000 0.000000 0.000000 1.000000
0.980451 -0.040216 0.192607 -0.288322 0.030256 0.998062 0.054381 94.487427 -0.194421 -0.047490 0.979768 2.936821 0.000000 0.000000 0.000000 1.000000
0.977223 -0.041573 0.208103 -0.296640 0.030610 0.997982 0.055625 94.458794 -0.209995 -0.047988 0.976524 2.912389 0.000000 0.000000 0.000000 1.000000
0.977076 -0.040704 0.208964 -0.362137 0.029608 0.997994 0.055960 94.449448 -0.210822 -0.048490 0.976321 2.871603 0.000000 0.000000 0.000000 1.000000
0.978612 -0.039254 0.201934 -0.481043 0.028226 0.997963 0.057209 94.471565 -0.203769 -0.050285 0.977727 2.830171 0.000000 0.000000 0.000000 1.000000
0.981062 -0.037896 0.189952 -0.629571 0.027184 0.997906 0.058685 94.513115 -0.191778 -0.052410 0.980038 2.782242 0.000000 0.000000 0.000000 1.000000
0.984128 -0.036525 0.173663 -0.786287 0.026364 0.997823 0.060457 94.555016 -0.175493 -0.054919 0.982948 2.729401 0.000000 0.000000 0.000000 1.000000
0.987540 -0.034880 0.153455 -0.926556 0.025444 0.997687 0.063030 94.569122 -0.155298 -0.058340 0.986143 2.682390 0.000000 0.000000 0.000000 1.000000
0.990846 -0.032419 0.131044 -1.079453 0.023715 0.997441 0.067442 94.559464 -0.132895 -0.063717 0.989080 2.637990 0.000000 0.000000 0.000000 1.000000
0.993872 -0.029410 0.106548 -1.228187 0.021677 0.997094 0.073027 94.566811 -0.108386 -0.070270 0.991622 2.576096 0.000000 0.000000 0.000000 1.000000
0.996406 -0.025842 0.080670 -1.371393 0.019398 0.996633 0.079665 94.610123 -0.082457 -0.077814 0.993552 2.472088 0.000000 0.000000 0.000000 1.000000
0.998496 -0.021403 0.050470 -1.494510 0.017045 0.996214 0.085248 94.672264 -0.052104 -0.084260 0.995081 2.331988 0.000000 0.000000 0.000000 1.000000
0.999752 -0.016419 0.015067 -1.587641 0.015020 0.995948 0.088666 94.747200 -0.016462 -0.088418 0.995947 2.171624 0.000000 0.000000 0.000000 1.000000
0.999644 -0.011035 -0.024289 -1.647060 0.013173 0.995878 0.089737 94.814072 0.023199 -0.090025 0.995669 2.012802 0.000000 0.000000 0.000000 1.000000
0.997727 -0.006075 -0.067114 -1.670312 0.012127 0.995855 0.090138 94.885139 0.066288 -0.090747 0.993665 1.870353 0.000000 0.000000 0.000000 1.000000
0.993340 -0.001346 -0.115214 -1.653559 0.011655 0.995977 0.088849 94.985504 0.114631 -0.089600 0.989359 1.731681 0.000000 0.000000 0.000000 1.000000
0.986795 0.002870 -0.161949 -1.635584 0.011490 0.996084 0.087663 95.092300 0.161567 -0.088366 0.982898 1.612283 0.000000 0.000000 0.000000 1.000000
0.978023 0.005899 -0.208414 -1.613991 0.012339 0.996210 0.086099 95.199921 0.208132 -0.086778 0.974244 1.505775 0.000000 0.000000 0.000000 1.000000
0.967318 0.008004 -0.253441 -1.631744 0.013591 0.996428 0.083342 95.292145 0.253203 -0.084062 0.963754 1.390895 0.000000 0.000000 0.000000 1.000000
0.955698 0.009120 -0.294207 -1.675704 0.015544 0.996562 0.081384 95.393044 0.293937 -0.082352 0.952270 1.283092 0.000000 0.000000 0.000000 1.000000
0.942654 0.010272 -0.333614 -1.701089 0.017607 0.996604 0.080433 95.486053 0.333308 -0.081695 0.939272 1.205334 0.000000 0.000000 0.000000 1.000000
0.926920 0.012798 -0.375040 -1.706967 0.018801 0.996579 0.080473 95.573395 0.374787 -0.081643 0.923509 1.154240 0.000000 0.000000 0.000000 1.000000
0.907438 0.015979 -0.419883 -1.722165 0.019669 0.996566 0.080432 95.680267 0.419726 -0.081246 0.904007 1.111741 0.000000 0.000000 0.000000 1.000000
0.883455 0.020271 -0.468077 -1.780539 0.019755 0.996563 0.080444 95.793991 0.468099 -0.080316 0.880019 1.078444 0.000000 0.000000 0.000000 1.000000
0.854330 0.025178 -0.519120 -1.862286 0.018953 0.996652 0.079531 95.916298 0.519385 -0.077784 0.850993 1.043271 0.000000 0.000000 0.000000 1.000000
0.819620 0.028793 -0.572184 -1.934045 0.019356 0.996774 0.077886 96.039864 0.572581 -0.074912 0.816419 0.983892 0.000000 0.000000 0.000000 1.000000
0.780401 0.031466 -0.624487 -2.012321 0.020477 0.996911 0.075821 96.164871 0.624944 -0.071958 0.777346 0.922959 0.000000 0.000000 0.000000 1.000000
0.735927 0.033141 -0.676249 -2.101290 0.021978 0.997106 0.072782 96.316856 0.676704 -0.068425 0.733069 0.859060 0.000000 0.000000 0.000000 1.000000
0.689002 0.034367 -0.723944 -2.204074 0.024558 0.997194 0.070711 96.472939 0.724343 -0.066499 0.686225 0.800684 0.000000 0.000000 0.000000 1.000000
0.639181 0.034852 -0.768266 -2.304701 0.027937 0.997261 0.068483 96.613083 0.768549 -0.065235 0.636456 0.735300 0.000000 0.000000 0.000000 1.000000
0.587469 0.034105 -0.808528 -2.393466 0.032970 0.997273 0.066023 96.735931 0.808575 -0.065444 0.584742 0.697301 0.000000 0.000000 0.000000 1.000000
0.536307 0.035380 -0.843281 -2.503306 0.037684 0.997121 0.065801 96.853691 0.843181 -0.067068 0.533429 0.666426 0.000000 0.000000 0.000000 1.000000
0.482724 0.035762 -0.875042 -2.595749 0.043340 0.996966 0.064654 96.967880 0.874700 -0.069134 0.479709 0.649855 0.000000 0.000000 0.000000 1.000000
0.428424 0.037065 -0.902817 -2.691944 0.048370 0.996785 0.063876 97.086906 0.902282 -0.071036 0.425254 0.665801 0.000000 0.000000 0.000000 1.000000
0.377071 0.039110 -0.925358 -2.768267 0.052746 0.996580 0.063613 97.193558 0.924681 -0.072795 0.373718 0.692934 0.000000 0.000000 0.000000 1.000000
0.328621 0.041267 -0.943560 -2.823088 0.056247 0.996417 0.063168 97.301201 0.942785 -0.073831 0.325123 0.748836 0.000000 0.000000 0.000000 1.000000
0.284605 0.043361 -0.957664 -2.857785 0.060105 0.996204 0.062968 97.381348 0.956759 -0.075481 0.280918 0.836910 0.000000 0.000000 0.000000 1.000000
0.248348 0.045504 -0.967601 -2.879150 0.063792 0.995959 0.063211 97.436348 0.966568 -0.077423 0.244442 0.932250 0.000000 0.000000 0.000000 1.000000
0.218804 0.046902 -0.974641 -2.888123 0.068008 0.995682 0.063182 97.494438 0.973396 -0.080108 0.214670 1.021300 0.000000 0.000000 0.000000 1.000000
0.195289 0.047227 -0.979608 -2.886739 0.072117 0.995444 0.062367 97.552406 0.978091 -0.082826 0.190993 1.126800 0.000000 0.000000 0.000000 1.000000
0.178028 0.047221 -0.982892 -2.875219 0.075108 0.995282 0.061421 97.596809 0.981155 -0.084758 0.173641 1.230947 0.000000 0.000000 0.000000 1.000000
0.165982 0.048223 -0.984949 -2.869979 0.077354 0.995089 0.061755 97.620667 0.983090 -0.086439 0.161436 1.337873 0.000000 0.000000 0.000000 1.000000
0.158052 0.049326 -0.986198 -2.873494 0.079607 0.994864 0.062517 97.630127 0.984217 -0.088389 0.153314 1.432390 0.000000 0.000000 0.000000 1.000000
0.153819 0.050165 -0.986825 -2.879749 0.081350 0.994677 0.063244 97.622742 0.984745 -0.090007 0.148919 1.517238 0.000000 0.000000 0.000000 1.000000
0.153336 0.051421 -0.986835 -2.903296 0.082288 0.994512 0.064607 97.607674 0.984742 -0.091112 0.148263 1.590164 0.000000 0.000000 0.000000 1.000000
0.157959 0.053666 -0.985986 -2.947584 0.082118 0.994349 0.067276 97.591034 0.984025 -0.091594 0.152659 1.655430 0.000000 0.000000 0.000000 1.000000
0.167560 0.056382 -0.984248 -3.014388 0.081197 0.994182 0.070774 97.582474 0.982512 -0.091777 0.162007 1.709383 0.000000 0.000000 0.000000 1.000000
0.181324 0.059197 -0.981640 -3.098536 0.080343 0.993958 0.074781 97.582306 0.980136 -0.092427 0.175473 1.761659 0.000000 0.000000 0.000000 1.000000
0.199055 0.062609 -0.977986 -3.198226 0.078967 0.993687 0.079687 97.584549 0.976802 -0.093091 0.192854 1.806799 0.000000 0.000000 0.000000 1.000000
0.221456 0.065801 -0.972948 -3.308496 0.076783 0.993447 0.084664 97.588455 0.972143 -0.093455 0.214952 1.842964 0.000000 0.000000 0.000000 1.000000
0.249918 0.068616 -0.965833 -3.415080 0.072059 0.993402 0.089221 97.579803 0.965582 -0.091895 0.243325 1.865883 0.000000 0.000000 0.000000 1.000000
0.285011 0.071334 -0.955866 -3.516436 0.065468 0.993449 0.093660 97.566353 0.956286 -0.089272 0.278474 1.854407 0.000000 0.000000 0.000000 1.000000
0.324207 0.072849 -0.943177 -3.594599 0.059027 0.993530 0.097028 97.550499 0.944143 -0.087130 0.317809 1.803423 0.000000 0.000000 0.000000 1.000000
0.364813 0.072589 -0.928247 -3.642644 0.054038 0.993625 0.098940 97.522278 0.929512 -0.086255 0.358564 1.722776 0.000000 0.000000 0.000000 1.000000
0.404063 0.071457 -0.911936 -3.671231 0.050528 0.993678 0.100251 97.504684 0.913334 -0.086586 0.397898 1.626927 0.000000 0.000000 0.000000 1.000000
0.438819 0.068691 -0.895946 -3.672781 0.048718 0.993789 0.100054 97.504776 0.897254 -0.087554 0.432747 1.529830 0.000000 0.000000 0.000000 1.000000
0.471412 0.065315 -0.879491 -3.635853 0.047169 0.993959 0.099099 97.484543 0.880651 -0.088201 0.465483 1.450454 0.000000 0.000000 0.000000 1.000000
0.503702 0.061296 -0.861700 -3.573917 0.045960 0.994166 0.097584 97.436325 0.862654 -0.088757 0.497946 1.373844 0.000000 0.000000 0.000000 1.000000
0.536014 0.057562 -0.842245 -3.525047 0.044848 0.994322 0.096498 97.388412 0.843017 -0.089497 0.530389 1.309894 0.000000 0.000000 0.000000 1.000000
0.570843 0.054178 -0.819270 -3.467941 0.042707 0.994511 0.095523 97.320633 0.819948 -0.089517 0.565396 1.275585 0.000000 0.000000 0.000000 1.000000
0.605497 0.050099 -0.794269 -3.400570 0.041351 0.994688 0.094263 97.287048 0.794772 -0.089920 0.600209 1.241492 0.000000 0.000000 0.000000 1.000000
0.636091 0.045448 -0.770274 -3.312580 0.039575 0.995028 0.091390 97.264328 0.770599 -0.088616 0.631130 1.208121 0.000000 0.000000 0.000000 1.000000
0.662457 0.041213 -0.747966 -3.203761 0.036838 0.995485 0.087479 97.245232 0.748194 -0.085505 0.657947 1.198527 0.000000 0.000000 0.000000 1.000000
0.683784 0.037951 -0.728697 -3.092670 0.033961 0.995909 0.083735 97.209038 0.728894 -0.082004 0.679698 1.230088 0.000000 0.000000 0.000000 1.000000
0.700010 0.036870 -0.713180 -2.991693 0.030135 0.996252 0.081083 97.162979 0.713496 -0.078251 0.696276 1.279909 0.000000 0.000000 0.000000 1.000000
0.713472 0.035824 -0.699767 -2.873297 0.025837 0.996668 0.077366 97.102020 0.700207 -0.073279 0.710169 1.321024 0.000000 0.000000 0.000000 1.000000
0.725103 0.034367 -0.687782 -2.756551 0.023319 0.996956 0.074401 97.056137 0.688246 -0.069987 0.722094 1.339545 0.000000 0.000000 0.000000 1.000000
0.735531 0.032618 -0.676705 -2.658904 0.021718 0.997192 0.071672 97.015648 0.677143 -0.067414 0.732757 1.322950 0.000000 0.000000 0.000000 1.000000
0.744826 0.033146 -0.666435 -2.559632 0.019086 0.997298 0.070933 96.973473 0.666985 -0.065552 0.742182 1.290065 0.000000 0.000000 0.000000 1.000000
0.752537 0.034848 -0.657627 -2.449959 0.015689 0.997367 0.070804 96.936707 0.658363 -0.063600 0.750009 1.257090 0.000000 0.000000 0.000000 1.000000
0.758056 0.037247 -0.651125 -2.334703 0.012431 0.997361 0.071525 96.913010 0.652071 -0.062314 0.755593 1.228775 0.000000 0.000000 0.000000 1.000000
0.761422 0.040131 -0.647014 -2.216188 0.009721 0.997263 0.073294 96.891457 0.648184 -0.062097 0.758947 1.205075 0.000000 0.000000 0.000000 1.000000
0.762779 0.042862 -0.645237 -2.099827 0.007336 0.997163 0.074912 96.874664 0.646617 -0.061875 0.760301 1.189205 0.000000 0.000000 0.000000 1.000000
0.762393 0.045182 -0.645535 -1.988422 0.005770 0.997045 0.076599 96.864609 0.647088 -0.062123 0.759880 1.185621 0.000000 0.000000 0.000000 1.000000
0.761090 0.047053 -0.646937 -1.881612 0.004654 0.996944 0.077985 96.853371 0.648629 -0.062364 0.758545 1.186514 0.000000 0.000000 0.000000 1.000000
0.758994 0.048512 -0.649288 -1.779335 0.004149 0.996840 0.079331 96.840889 0.651085 -0.062905 0.756394 1.189750 0.000000 0.000000 0.000000 1.000000
0.755929 0.049104 -0.652810 -1.685776 0.003943 0.996823 0.079545 96.825127 0.654642 -0.062705 0.753334 1.185744 0.000000 0.000000 0.000000 1.000000
0.752083 0.049410 -0.657213 -1.597025 0.004024 0.996823 0.079548 96.807358 0.659056 -0.062471 0.749495 1.169502 0.000000 0.000000 0.000000 1.000000
0.748553 0.049477 -0.661227 -1.511868 0.003806 0.996875 0.078901 96.789322 0.663065 -0.061578 0.746025 1.152475 0.000000 0.000000 0.000000 1.000000
0.745634 0.049780 -0.664493 -1.427521 0.003405 0.996908 0.078504 96.772781 0.666347 -0.060798 0.743159 1.141225 0.000000 0.000000 0.000000 1.000000
0.742818 0.050179 -0.667611 -1.346750 0.002927 0.996934 0.078188 96.757446 0.669487 -0.060033 0.740393 1.135644 0.000000 0.000000 0.000000 1.000000
0.740138 0.050655 -0.670544 -1.270352 0.002384 0.996955 0.077944 96.744820 0.672451 -0.059288 0.737763 1.122603 0.000000 0.000000 0.000000 1.000000
0.737621 0.051175 -0.673273 -1.198836 0.001813 0.996970 0.077765 96.733040 0.675213 -0.058581 0.735293 1.098173 0.000000 0.000000 0.000000 1.000000
0.735293 0.051702 -0.675775 -1.132960 0.001253 0.996981 0.077640 96.720802 0.677748 -0.057935 0.733008 1.068774 0.000000 0.000000 0.000000 1.000000
0.733196 0.052260 -0.678007 -1.073300 0.000662 0.996987 0.077562 96.710106 0.680017 -0.057317 0.730952 1.040439 0.000000 0.000000 0.000000 1.000000
0.731363 0.052822 -0.679940 -1.021324 0.000063 0.996991 0.077520 96.701492 0.681988 -0.056738 0.729159 1.008584 0.000000 0.000000 0.000000 1.000000
0.729831 0.053347 -0.681543 -0.977599 -0.000497 0.996992 0.077506 96.695267 0.683627 -0.056228 0.727662 0.983247 0.000000 0.000000 0.000000 1.000000
0.728625 0.053774 -0.682798 -0.943134 -0.000945 0.996991 0.077510 96.691170 0.684912 -0.055831 0.726484 0.959374 0.000000 0.000000 0.000000 1.000000</float_array><technique_common><accessor source="#Hips-Matrix-animation-output-transform-array" count="121" stride="16"><param type="float4x4"/></accessor></technique_common></source><source id="Hips-Interpolations"><Name_array id="Hips-Interpolations-array" count="121">
 LINEAR LINEAR LINEAR LINEAR LINEAR LINEAR LINEAR LINEAR LINEAR LINEAR LINEAR
LINEAR LINEAR LINEAR LINEAR LINEAR LINEAR LINEAR LINEAR LINEAR LINEAR LINEAR LINEAR
LINEAR LINEAR LINEAR LINEAR LINEAR LINEAR LINEAR LINEAR LINEAR LINEAR LINEAR LINEAR
LINEAR LINEAR LINEAR LINEAR LINEAR LINEAR LINEAR LINEAR LINEAR LINEAR LINEAR LINEAR
LINEAR LINEAR LINEAR LINEAR LINEAR LINEAR LINEAR LINEAR LINEAR LINEAR LINEAR LINEAR
LINEAR LINEAR LINEAR LINEAR LINEAR LINEAR LINEAR LINEAR LINEAR LINEAR LINEAR LINEAR
LINEAR LINEAR LINEAR LINEAR LINEAR LINEAR LINEAR LINEAR LINEAR LINEAR LINEAR LINEAR
LINEAR LINEAR LINEAR LINEAR LINEAR LINEAR LINEAR LINEAR LINEAR LINEAR LINEAR LINEAR
LINEAR LINEAR LINEAR LINEAR LINEAR LINEAR LINEAR LINEAR LINEAR LINEAR LINEAR LINEAR
LINEAR LINEAR LINEAR LINEAR LINEAR LINEAR LINEAR LINEAR LINEAR LINEAR LINEAR LINEAR
LINEAR LINEAR</Name_array><technique_common><accessor source="#Hips-Interpolations-array" count="121"><param type="name"/></accessor></technique_common></source><sampler id="Hips-Matrix-animation-transform"><input semantic="INPUT" source="#Hips-Matrix-animation-input"/><input semantic="OUTPUT" source="#Hips-Matrix-animation-output-transform"/><input semantic="INTERPOLATION" source="#Hips-Interpolations"/></sampler><channel source="#Hips-Matrix-animation-transform" target="Hips/matrix"/></animation>
    <animation id="Spine-anim" name="Spine"><source id="Spine-Matrix-animation-input"><float_array id="Spine-Matrix-animation-input-array" count="121">

0.000000 0.033333 0.066667 0.100000 0.133333 0.166667 0.200000 0.233333 0.266667 0.300000 0.333333 0.366667 0.400000 0.433333 0.466667 0.500000
0.533333 0.566667 0.600000 0.633333 0.666667 0.700000 0.733333 0.766667 0.800000 0.833333 0.866667 0.900000 0.933333 0.966667 1.000000 1.033333
1.066667 1.100000 1.133333 1.166667 1.200000 1.233333 1.266667 1.300000 1.333333 1.366667 1.400000 1.433333 1.466667 1.500000 1.533333 1.566667
1.600000 1.633333 1.666667 1.700000 1.733333 1.766667 1.800000 1.833333 1.866667 1.900000 1.933333 1.966667 2.000000 2.033333 2.066667 2.100000
2.133333 2.166667 2.200000 2.233333 2.266667 2.300000 2.333333 2.366667 2.400000 2.433333 2.466667 2.500000 2.533333 2.566667 2.600000 2.633333
2.666667 2.700000 2.733333 2.766667 2.800000 2.833333 2.866667 2.900000 2.933333 2.966667 3.000000 3.033333 3.066667 3.100000 3.133333 3.166667
3.200000 3.233333 3.266667 3.300000 3.333333 3.366667 3.400000 3.433333 3.466667 3.500000 3.533333 3.566667 3.600000 3.633333 3.666667 3.700000
3.733333 3.766667 3.800000 3.833333 3.866667 3.900000 3.933333 3.966667 4.000000</float_array><technique_common><accessor source="#Spine-Matrix-animation-input-array" count="121"><param name="TIME" type="float"/></accessor></technique_common></source><source id="Spine-Matrix-animation-output-transform"><float_array id="Spine-Matrix-animation-output-transform-array" count="1936">

0.996481 0.018181 0.081828 0.000000 -0.009855 0.994836 -0.101017 10.181600 -0.083242 0.099855 0.991514 0.131500 0.000000 0.000000 0.000000 1.000000
0.996469 0.018600 0.081877 0.000000 -0.010281 0.994846 -0.100875 10.181600 -0.083331 0.099677 0.991524 0.131500 0.000000 0.000000 0.000000 1.000000
0.996493 0.018917 0.081516 0.000000 -0.010644 0.994855 -0.100750 10.181600 -0.083002 0.099529 0.991567 0.131500 0.000000 0.000000 0.000000 1.000000
0.996564 0.019013 0.080616 -0.000000 -0.010828 0.994849 -0.100789 10.181600 -0.082117 0.099569 0.991636 0.131500 0.000000 0.000000 0.000000 1.000000
0.996667 0.018865 0.079361 0.000000 -0.010804 0.994847 -0.100807 10.181600 -0.080854 0.099613 0.991736 0.131500 0.000000 0.000000 0.000000 1.000000
0.996792 0.018857 0.077781 -0.000000 -0.010945 0.994834 -0.100923 10.181600 -0.079283 0.099747 0.991849 0.131500 0.000000 0.000000 0.000000 1.000000
0.996924 0.018858 0.076074 -0.000000 -0.011107 0.994819 -0.101053 10.181600 -0.077585 0.099897 0.991968 0.131500 0.000000 0.000000 0.000000 1.000000
0.997064 0.018968 0.074189 -0.000000 -0.011396 0.994802 -0.101184 10.181600 -0.075723 0.100042 0.992098 0.131500 0.000000 0.000000 0.000000 1.000000
0.997188 0.019141 0.072457 0.000000 -0.011757 0.994817 -0.100996 10.181600 -0.074014 0.099860 0.992245 0.131500 0.000000 0.000000 0.000000 1.000000
0.997286 0.019778 0.070915 0.000000 -0.012551 0.994813 -0.100942 10.181600 -0.072544 0.099778 0.992362 0.131500 0.000000 0.000000 0.000000 1.000000
0.997396 0.019915 0.069316 0.000000 -0.012848 0.994809 -0.100946 10.181600 -0.070967 0.099792 0.992474 0.131500 0.000000 0.000000 0.000000 1.000000
0.997508 0.019694 0.067746 0.000000 -0.012779 0.994801 -0.101030 10.181600 -0.069384 0.099913 0.992574 0.131500 0.000000 0.000000 0.000000 1.000000
0.997591 0.019452 0.066588 -0.000000 -0.012634 0.994774 -0.101317 10.181600 -0.068211 0.100232 0.992623 0.131500 0.000000 0.000000 0.000000 1.000000
0.997653 0.019134 0.065745 0.000000 -0.012372 0.994732 -0.101765 10.181600 -0.067345 0.100712 0.992634 0.131500 0.000000 0.000000 0.000000 1.000000
0.997740 0.018280 0.064659 0.000000 -0.011599 0.994693 -0.102233 10.181600 -0.066184 0.101252 0.992657 0.131500 0.000000 0.000000 0.000000 1.000000
0.997862 0.017046 0.063087 -0.000000 -0.010487 0.994639 -0.102877 10.181600 -0.064502 0.101996 0.992691 0.131500 0.000000 0.000000 0.000000 1.000000
0.998010 0.016374 0.060891 0.000000 -0.010021 0.994609 -0.103209 10.181600 -0.062253 0.102394 0.992794 0.131500 0.000000 0.000000 0.000000 1.000000
0.998032 0.015991 0.060632 0.000000 -0.009667 0.994614 -0.103193 10.181600 -0.061955 0.102404 0.992812 0.131500 0.000000 0.000000 0.000000 1.000000
0.998046 0.015597 0.060508 0.000000 -0.009289 0.994620 -0.103171 10.181600 -0.061792 0.102407 0.992822 0.131500 0.000000 0.000000 0.000000 1.000000
0.998035 0.015346 0.060743 -0.000000 -0.009033 0.994655 -0.102863 10.181600 -0.061997 0.102112 0.992839 0.131500 0.000000 0.000000 0.000000 1.000000
0.997968 0.015573 0.061780 0.000000 -0.009167 0.994675 -0.102652 10.181600 -0.063049 0.101877 0.992797 0.131500 0.000000 0.000000 0.000000 1.000000
0.997866 0.016012 0.063306 0.000000 -0.009481 0.994723 -0.102157 10.181600 -0.064608 0.101339 0.992752 0.131500 0.000000 0.000000 0.000000 1.000000
0.997762 0.016407 0.064820 -0.000000 -0.009772 0.994799 -0.101385 10.181600 -0.066146 0.100525 0.992733 0.131500 0.000000 0.000000 0.000000 1.000000
0.997573 0.017033 0.067515 0.000000 -0.010171 0.994865 -0.100695 10.181600 -0.068883 0.099764 0.992624 0.131500 0.000000 0.000000 0.000000 1.000000
0.997372 0.017707 0.070250 0.000000 -0.010646 0.994965 -0.099651 10.181600 -0.071661 0.098642 0.992539 0.131500 0.000000 0.000000 0.000000 1.000000
0.997172 0.018504 0.072840 0.000000 -0.011251 0.995049 -0.098743 10.181600 -0.074306 0.097645 0.992443 0.131500 0.000000 0.000000 0.000000 1.000000
0.996928 0.019762 0.075791 -0.000000 -0.012290 0.995128 -0.097821 10.181600 -0.077355 0.096589 0.992314 0.131500 0.000000 0.000000 0.000000 1.000000
0.996694 0.021162 0.078447 0.000000 -0.013537 0.995242 -0.096492 10.181600 -0.080116 0.095111 0.992238 0.131500 0.000000 0.000000 0.000000 1.000000
0.996479 0.022666 0.080721 0.000000 -0.014906 0.995322 -0.095461 10.181600 -0.082507 0.093922 0.992155 0.131500 0.000000 0.000000 0.000000 1.000000
0.996228 0.024639 0.083199 0.000000 -0.016731 0.995389 -0.094446 10.181600 -0.085143 0.092698 0.992047 0.131500 0.000000 0.000000 0.000000 1.000000
0.995924 0.027036 0.086049 -0.000000 -0.018946 0.995441 -0.093482 10.181600 -0.088184 0.091470 0.991896 0.131500 0.000000 0.000000 0.000000 1.000000
0.995602 0.029127 0.089043 0.000000 -0.020830 0.995474 -0.092724 10.181600 -0.091341 0.090462 0.991702 0.131500 0.000000 0.000000 0.000000 1.000000
0.995245 0.031310 0.092238 -0.000000 -0.022760 0.995468 -0.092335 10.181600 -0.094711 0.089797 0.991447 0.131500 0.000000 0.000000 0.000000 1.000000
0.994717 0.033927 0.096889 0.000000 -0.025005 0.995458 -0.091857 10.181600 -0.099565 0.088949 0.991047 0.131500 0.000000 0.000000 0.000000 1.000000
0.994160 0.036251 0.101646 0.000000 -0.026986 0.995477 -0.091091 10.181600 -0.104488 0.087816 0.990642 0.131500 0.000000 0.000000 0.000000 1.000000
0.993560 0.038598 0.106526 0.000000 -0.028994 0.995495 -0.090277 10.181600 -0.109531 0.086607 0.990203 0.131500 0.000000 0.000000 0.000000 1.000000
0.993181 0.040005 0.109508 0.000000 -0.030216 0.995516 -0.089633 10.181600 -0.112603 0.085713 0.989936 0.131500 0.000000 0.000000 0.000000 1.000000
0.993087 0.040430 0.110200 0.000000 -0.030615 0.995530 -0.089348 10.181600 -0.113320 0.085356 0.989885 0.131500 0.000000 0.000000 0.000000 1.000000
0.993267 0.040224 0.108640 0.000000 -0.030554 0.995540 -0.089255 10.181600 -0.111746 0.085335 0.990066 0.131500 0.000000 0.000000 0.000000 1.000000
0.993532 0.039695 0.106391 0.000000 -0.030237 0.995565 -0.089085 10.181600 -0.109455 0.085292 0.990326 0.131500 0.000000 0.000000 0.000000 1.000000
0.993897 0.038431 0.103400 -0.000000 -0.029253 0.995615 -0.088854 10.181600 -0.106362 0.085287 0.990663 0.131500 0.000000 0.000000 0.000000 1.000000
0.994279 0.036959 0.100213 0.000000 -0.028059 0.995653 -0.088810 10.181600 -0.103060 0.085490 0.990995 0.131500 0.000000 0.000000 0.000000 1.000000
0.994662 0.035872 0.096746 0.000000 -0.027265 0.995670 -0.088866 10.181600 -0.099515 0.085753 0.991334 0.131500 0.000000 0.000000 0.000000 1.000000
0.995046 0.035047 0.093032 0.000000 -0.026730 0.995657 -0.089182 10.181600 -0.095753 0.086253 0.991661 0.131500 0.000000 0.000000 0.000000 1.000000
0.995532 0.033681 0.088217 0.000000 -0.025713 0.995615 -0.089947 10.181600 -0.090859 0.087276 0.992032 0.131500 0.000000 0.000000 0.000000 1.000000
0.995985 0.031930 0.083636 0.000000 -0.024291 0.995573 -0.090804 10.181600 -0.086165 0.088407 0.992351 0.131500 0.000000 0.000000 0.000000 1.000000
0.996348 0.030028 0.079934 0.000000 -0.022659 0.995543 -0.091550 10.181600 -0.082327 0.089405 0.992587 0.131500 0.000000 0.000000 0.000000 1.000000
0.996570 0.028391 0.077725 0.000000 -0.021166 0.995511 -0.092243 10.181600 -0.079995 0.090282 0.992698 0.131500 0.000000 0.000000 0.000000 1.000000
0.996790 0.026289 0.075616 0.000000 -0.019201 0.995483 -0.092975 10.181600 -0.077718 0.091225 0.992793 0.131500 0.000000 0.000000 0.000000 1.000000
0.996937 0.023929 0.074465 0.000000 -0.016888 0.995449 -0.093785 10.181600 -0.076370 0.092241 0.992804 0.131500 0.000000 0.000000 0.000000 1.000000
0.997054 0.021980 0.073481 0.000000 -0.015003 0.995441 -0.094193 10.181600 -0.075217 0.092813 0.992838 0.131500 0.000000 0.000000 0.000000 1.000000
0.997224 0.020221 0.071659 0.000000 -0.013394 0.995434 -0.094506 10.181600 -0.073243 0.093284 0.992942 0.131500 0.000000 0.000000 0.000000 1.000000
0.997391 0.019061 0.069631 0.000000 -0.012408 0.995424 -0.094752 10.181600 -0.071119 0.093641 0.993063 0.131500 0.000000 0.000000 0.000000 1.000000
0.997638 0.017716 0.066369 -0.000000 -0.011349 0.995403 -0.095099 10.181600 -0.067749 0.094121 0.993253 0.131500 0.000000 0.000000 0.000000 1.000000
0.997974 0.015652 0.061660 0.000000 -0.009701 0.995368 -0.095648 10.181600 -0.062872 0.094856 0.993504 0.131500 0.000000 0.000000 0.000000 1.000000
0.998364 0.013521 0.055553 0.000000 -0.008102 0.995286 -0.096642 10.181600 -0.056598 0.096033 0.993768 0.131500 0.000000 0.000000 0.000000 1.000000
0.998795 0.011198 0.047792 0.000000 -0.006479 0.995187 -0.097777 10.181600 -0.048657 0.097349 0.994060 0.131500 0.000000 0.000000 0.000000 1.000000
0.999212 0.008753 0.038701 -0.000000 -0.004890 0.995096 -0.098790 10.181600 -0.039376 0.098523 0.994355 0.131500 0.000000 0.000000 0.000000 1.000000
0.999538 0.006778 0.029621 0.000000 -0.003782 0.994973 -0.100074 10.181600 -0.030151 0.099916 0.994539 0.131500 0.000000 0.000000 0.000000 1.000000
0.999778 0.005021 0.020446 -0.000000 -0.002921 0.994835 -0.101467 10.181600 -0.020850 0.101384 0.994629 0.131500 0.000000 0.000000 0.000000 1.000000
0.999934 0.003185 0.011082 0.000000 -0.002028 0.994698 -0.102820 10.181600 -0.011350 0.102790 0.994638 0.131500 0.000000 0.000000 0.000000 1.000000
0.999997 0.001916 0.001657 0.000000 -0.001733 0.994530 -0.104436 10.181600 -0.001848 0.104433 0.994530 0.131500 0.000000 0.000000 0.000000 1.000000
0.999970 0.001053 -0.007719 0.000000 -0.001862 0.994404 -0.105629 10.181600 0.007564 0.105640 0.994376 0.131500 0.000000 0.000000 0.000000 1.000000
0.999886 0.001243 -0.015031 -0.000000 -0.002838 0.994308 -0.106506 10.181600 0.014813 0.106536 0.994198 0.131500 0.000000 0.000000 0.000000 1.000000
0.999784 0.002433 -0.020661 -0.000000 -0.004632 0.994239 -0.107090 10.181600 0.020282 0.107162 0.994035 0.131500 0.000000 0.000000 0.000000 1.000000
0.999665 0.003819 -0.025614 -0.000000 -0.006543 0.994225 -0.107118 10.181600 0.025057 0.107250 0.993916 0.131500 0.000000 0.000000 0.000000 1.000000
0.999520 0.004686 -0.030629 0.000000 -0.007937 0.994238 -0.106898 10.181600 0.029952 0.107089 0.993798 0.131500 0.000000 0.000000 0.000000 1.000000
0.999379 0.005518 -0.034803 0.000000 -0.009201 0.994263 -0.106571 10.181600 0.034015 0.106825 0.993696 0.131500 0.000000 0.000000 0.000000 1.000000
0.999259 0.005901 -0.038039 0.000000 -0.009919 0.994282 -0.106325 10.181600 0.037195 0.106623 0.993604 0.131500 0.000000 0.000000 0.000000 1.000000
0.999163 0.006312 -0.040425 0.000000 -0.010581 0.994279 -0.106291 10.181600 0.039523 0.106629 0.993513 0.131500 0.000000 0.000000 0.000000 1.000000
0.999083 0.006705 -0.042288 0.000000 -0.011173 0.994267 -0.106340 10.181600 0.041332 0.106715 0.993430 0.131500 0.000000 0.000000 0.000000 1.000000
0.999019 0.007221 -0.043691 0.000000 -0.011839 0.994255 -0.106380 10.181600 0.042672 0.106793 0.993365 0.131500 0.000000 0.000000 0.000000 1.000000
0.998961 0.007658 -0.044915 0.000000 -0.012404 0.994252 -0.106344 10.181600 0.043843 0.106790 0.993314 0.131500 0.000000 0.000000 0.000000 1.000000
0.998926 0.007831 -0.045658 0.000000 -0.012656 0.994245 -0.106378 10.181600 0.044562 0.106842 0.993277 0.131500 0.000000 0.000000 0.000000 1.000000
0.998911 0.008010 -0.045958 0.000000 -0.012874 0.994226 -0.106534 10.181600 0.044840 0.107009 0.993246 0.131500 0.000000 0.000000 0.000000 1.000000
0.998924 0.008507 -0.045590 0.000000 -0.013334 0.994208 -0.106645 10.181600 0.044419 0.107138 0.993251 0.131500 0.000000 0.000000 0.000000 1.000000
0.998969 0.009114 -0.044464 0.000000 -0.013817 0.994202 -0.106636 10.181600 0.043235 0.107140 0.993303 0.131500 0.000000 0.000000 0.000000 1.000000
0.999037 0.009718 -0.042791 0.000000 -0.014239 0.994197 -0.106628 10.181600 0.041507 0.107135 0.993378 0.131500 0.000000 0.000000 0.000000 1.000000
0.999115 0.010223 -0.040806 -0.000000 -0.014522 0.994208 -0.106486 10.181600 0.039481 0.106985 0.993476 0.131500 0.000000 0.000000 0.000000 1.000000
0.999201 0.010680 -0.038513 0.000000 -0.014716 0.994249 -0.106078 10.181600 0.037159 0.106560 0.993612 0.131500 0.000000 0.000000 0.000000 1.000000
0.999300 0.011296 -0.035667 -0.000000 -0.015005 0.994306 -0.105501 10.181600 0.034272 0.105962 0.993779 0.131500 0.000000 0.000000 0.000000 1.000000
0.999414 0.011902 -0.032093 -0.000000 -0.015207 0.994380 -0.104768 10.181600 0.030665 0.105194 0.993979 0.131500 0.000000 0.000000 0.000000 1.000000
0.999549 0.012344 -0.027363 0.000000 -0.015124 0.994481 -0.103823 10.181600 0.025931 0.104190 0.994219 0.131500 0.000000 0.000000 0.000000 1.000000
0.999684 0.011973 -0.022118 0.000000 -0.014188 0.994593 -0.102876 10.181600 0.020767 0.103157 0.994448 0.131500 0.000000 0.000000 0.000000 1.000000
0.999793 0.011032 -0.017082 0.000000 -0.012721 0.994690 -0.102128 10.181600 0.015865 0.102324 0.994625 0.131500 0.000000 0.000000 0.000000 1.000000
0.999872 0.010392 -0.012162 0.000000 -0.011574 0.994758 -0.101604 10.181600 0.011042 0.101732 0.994751 0.131500 0.000000 0.000000 0.000000 1.000000
0.999918 0.010343 -0.007568 0.000000 -0.011054 0.994835 -0.100899 10.181600 0.006486 0.100974 0.994868 0.131500 0.000000 0.000000 0.000000 1.000000
0.999937 0.010966 -0.002570 0.000000 -0.011169 0.994885 -0.100391 10.181600 0.001456 0.100413 0.994945 0.131500 0.000000 0.000000 0.000000 1.000000
0.999916 0.012507 0.003380 -0.000000 -0.012107 0.994931 -0.099828 10.181600 -0.004612 0.099778 0.994999 0.131500 0.000000 0.000000 0.000000 1.000000
0.999858 0.014038 0.009359 0.000000 -0.013039 0.994964 -0.099384 10.181600 -0.010707 0.099248 0.995005 0.131500 0.000000 0.000000 0.000000 1.000000
0.999753 0.015679 0.015763 -0.000000 -0.014043 0.994983 -0.099053 10.181600 -0.017237 0.098807 0.994957 0.131500 0.000000 0.000000 0.000000 1.000000
0.999613 0.017220 0.021856 -0.000000 -0.014979 0.994989 -0.098857 10.181600 -0.023449 0.098492 0.994862 0.131500 0.000000 0.000000 0.000000 1.000000
0.999493 0.017957 0.026296 0.000000 -0.015280 0.995002 -0.098676 10.181600 -0.027936 0.098225 0.994772 0.131500 0.000000 0.000000 0.000000 1.000000
0.999347 0.018908 0.030793 -0.000000 -0.015787 0.995000 -0.098619 10.181600 -0.032503 0.098069 0.994649 0.131500 0.000000 0.000000 0.000000 1.000000
0.999170 0.019708 0.035643 0.000000 -0.016120 0.995027 -0.098297 10.181600 -0.037403 0.097641 0.994519 0.131500 0.000000 0.000000 0.000000 1.000000
0.998966 0.019870 0.040890 0.000000 -0.015791 0.995083 -0.097780 10.181600 -0.042631 0.097033 0.994368 0.131500 0.000000 0.000000 0.000000 1.000000
0.998705 0.019947 0.046794 0.000000 -0.015322 0.995148 -0.097190 10.181600 -0.048506 0.096347 0.994165 0.131500 0.000000 0.000000 0.000000 1.000000
0.998409 0.019604 0.052874 0.000000 -0.014412 0.995195 -0.096844 10.181600 -0.054518 0.095928 0.993894 0.131500 0.000000 0.000000 0.000000 1.000000
0.998152 0.018931 0.057737 0.000000 -0.013310 0.995268 -0.096247 10.181600 -0.059286 0.095301 0.993682 0.131500 0.000000 0.000000 0.000000 1.000000
0.997908 0.018938 0.061810 -0.000000 -0.012942 0.995298 -0.095994 10.181600 -0.063338 0.094993 0.993461 0.131500 0.000000 0.000000 0.000000 1.000000
0.997656 0.019567 0.065570 0.000000 -0.013214 0.995297 -0.095966 10.181600 -0.067140 0.094875 0.993223 0.131500 0.000000 0.000000 0.000000 1.000000
0.997526 0.019441 0.067560 -0.000000 -0.012866 0.995257 -0.096428 10.181600 -0.069115 0.095320 0.993044 0.131500 0.000000 0.000000 0.000000 1.000000
0.997484 0.018703 0.068378 0.000000 -0.012022 0.995228 -0.096838 10.181600 -0.069863 0.095772 0.992949 0.131500 0.000000 0.000000 0.000000 1.000000
0.997443 0.017914 0.069180 -0.000000 -0.011120 0.995186 -0.097370 10.181600 -0.070591 0.096352 0.992841 0.131500 0.000000 0.000000 0.000000 1.000000
0.997389 0.017285 0.070121 0.000000 -0.010345 0.995117 -0.098159 10.181600 -0.071475 0.097177 0.992697 0.131500 0.000000 0.000000 0.000000 1.000000
0.997323 0.016786 0.071170 -0.000000 -0.009695 0.995056 -0.098837 10.181600 -0.072477 0.097882 0.992555 0.131500 0.000000 0.000000 0.000000 1.000000
0.997264 0.016523 0.072051 0.000000 -0.009297 0.994995 -0.099494 10.181600 -0.073334 0.098551 0.992426 0.131500 0.000000 0.000000 0.000000 1.000000
0.997201 0.016424 0.072941 -0.000000 -0.009068 0.994941 -0.100051 10.181600 -0.074215 0.099110 0.992305 0.131500 0.000000 0.000000 0.000000 1.000000
0.997123 0.016634 0.073948 -0.000000 -0.009138 0.994889 -0.100565 10.181600 -0.075243 0.099600 0.992179 0.131500 0.000000 0.000000 0.000000 1.000000
0.997033 0.016998 0.075073 -0.000000 -0.009382 0.994878 -0.100650 10.181600 -0.076399 0.099647 0.992086 0.131500 0.000000 0.000000 0.000000 1.000000
0.996930 0.017593 0.076294 -0.000000 -0.009847 0.994865 -0.100731 10.181600 -0.077674 0.099671 0.991984 0.131500 0.000000 0.000000 0.000000 1.000000
0.996841 0.018093 0.077339 0.000000 -0.010253 0.994875 -0.100587 10.181600 -0.078762 0.099476 0.991918 0.131500 0.000000 0.000000 0.000000 1.000000
0.996772 0.018434 0.078143 -0.000000 -0.010521 0.994883 -0.100489 10.181600 -0.079595 0.099342 0.991865 0.131500 0.000000 0.000000 0.000000 1.000000
0.996713 0.018681 0.078831 -0.000000 -0.010708 0.994892 -0.100379 10.181600 -0.080304 0.099205 0.991821 0.131500 0.000000 0.000000 0.000000 1.000000
