<?xml version="1.0" encoding="utf-8"?>
<COLLADA xmlns="http://www.collada.org/2005/11/COLLADASchema" version="1.4.1">
  <asset><contributor><author>Mixamo</author><authoring_tool>COLLADA Mixamo exporter</authoring_tool><comments></comments></contributor><created>2018-11-02T15:59:28Z</created><modified>2018-11-02T15:59:28Z</modified><revision></revision><title></title><unit meter="0.010000"/><up_axis>Y_UP</up_axis></asset>
  <library_animations>
    <animation id="Hips-anim" name="Hips"><source id="Hips-Matrix-animation-input"><float_array id="Hips-Matrix-animation-input-array" count="32">

0.000000 0.033333 0.066667 0.100000 0.133333 0.166667 0.200000 0.233333 0.266667 0.300000 0.333333 0.366667 0.400000 0.433333 0.466667 0.500000
0.533333 0.566667 0.600000 0.633333 0.666667 0.700000 0.733333 0.766667 0.800000 0.833333 0.866667 0.900000 0.933333 0.966667 1.000000 1.033333</float_array><technique_common><accessor source="#Hips-Matrix-animation-input-array" count="32"><param name="TIME" type="float"/></accessor></technique_common></source><source id="Hips-Matrix-animation-output-transform"><float_array id="Hips-Matrix-animation-output-transform-array" count="512">

0.728625 0.053774 -0.682798 -0.943131 -0.000945 0.996991 0.077510 96.691147 0.684912 -0.055831 0.726484 0.959373 0.000000 0.000000 0.000000 1.000000
0.752942 0.052654 -0.655977 -0.769351 -0.006271 0.997323 0.072855 96.991066 0.658056 -0.050742 0.751257 1.898379 0.000000 0.000000 0.000000 1.000000
0.771751 0.051965 -0.633798 -0.519917 -0.014039 0.997805 0.064715 97.230797 0.635770 -0.041046 0.770787 2.934617 0.000000 0.000000 0.000000 1.000000
0.786279 0.051956 -0.615684 -0.260923 -0.022361 0.998198 0.055679 97.388489 0.617467 -0.030012 0.786024 3.963327 0.000000 0.000000 0.000000 1.000000
0.798589 0.051036 -0.599710 -0.090675 -0.028300 0.998480 0.047287 97.430222 0.601212 -0.020791 0.798819 4.824584 0.000000 0.000000 0.000000 1.000000
0.810903 0.047633 -0.583239 -0.077312 -0.030576 0.998769 0.039059 97.381615 0.584381 -0.013840 0.811361 5.389398 0.000000 0.000000 0.000000 1.000000
0.824602 0.042080 -0.564146 -0.230845 -0.030689 0.999089 0.029666 97.352982 0.564880 -0.007149 0.825142 5.661083 0.000000 0.000000 0.000000 1.000000
0.839853 0.035380 -0.541659 -0.536179 -0.030002 0.999374 0.018758 97.462357 0.541984 0.000497 0.840389 5.757408 0.000000 0.000000 0.000000 1.000000
0.856396 0.028810 -0.515515 -0.983094 -0.029376 0.999544 0.007059 97.681770 0.515483 0.009099 0.856852 5.764171 0.000000 0.000000 0.000000 1.000000
0.873843 0.023632 -0.485633 -1.585848 -0.029502 0.999555 -0.004445 97.900375 0.485312 0.018212 0.874151 5.700499 0.000000 0.000000 0.000000 1.000000
0.892241 0.020984 -0.451071 -2.367175 -0.031075 0.999405 -0.014975 98.028976 0.450489 0.027378 0.892362 5.554430 0.000000 0.000000 0.000000 1.000000
0.912023 0.021085 -0.409598 -3.324432 -0.033853 0.999140 -0.023945 98.051407 0.408741 0.035704 0.911952 5.346000 0.000000 0.000000 0.000000 1.000000
0.932905 0.023057 -0.359384 -4.416424 -0.036565 0.998856 -0.030832 98.009552 0.358262 0.041904 0.932680 5.130485 0.000000 0.000000 0.000000 1.000000
0.953124 0.025767 -0.301480 -5.590360 -0.038160 0.998648 -0.035292 97.947418 0.300163 0.045142 0.952819 4.940738 0.000000 0.000000 0.000000 1.000000
0.970352 0.028621 -0.239995 -6.816103 -0.038776 0.998536 -0.037700 97.908714 0.238565 0.045888 0.970042 4.741650 0.000000 0.000000 0.000000 1.000000
0.983314 0.031088 -0.179239 -8.121930 -0.038774 0.998466 -0.039537 97.888687 0.177735 0.045827 0.983011 4.480282 0.000000 0.000000 0.000000 1.000000
0.992114 0.033301 -0.120835 -9.519863 -0.038703 0.998341 -0.042636 97.920830 0.119215 0.046977 0.991757 4.114604 0.000000 0.000000 0.000000 1.000000
0.997356 0.035054 -0.063650 -10.943020 -0.038126 0.998134 -0.047701 98.036911 0.061859 0.050001 0.996832 3.653591 0.000000 0.000000 0.000000 1.000000
0.999376 0.034810 -0.006007 -12.227309 -0.035083 0.997949 -0.053547 98.212662 0.004131 0.053724 0.998547 3.163623 0.000000 0.000000 0.000000 1.000000
0.998102 0.031936 0.052648 -13.195850 -0.028886 0.997916 -0.057706 98.403275 -0.054381 0.056076 0.996944 2.699864 0.000000 0.000000 0.000000 1.000000
0.993290 0.027729 0.112280 -13.750456 -0.021325 0.998098 -0.057838 98.562164 -0.113671 0.055056 0.991992 2.315011 0.000000 0.000000 0.000000 1.000000
0.984633 0.024133 0.172963 -13.870132 -0.015188 0.998487 -0.052851 98.650696 -0.173977 0.049412 0.983509 2.070586 0.000000 0.000000 0.000000 1.000000
0.971855 0.020703 0.234668 -13.598997 -0.010897 0.999015 -0.043009 98.658707 -0.235328 0.039242 0.971124 1.988114 0.000000 0.000000 0.000000 1.000000
0.954930 0.015971 0.296401 -12.979393 -0.007631 0.999542 -0.029272 98.581337 -0.296733 0.025691 0.954615 2.034779 0.000000 0.000000 0.000000 1.000000
0.934018 0.009100 0.357111 -12.019217 -0.004876 0.999907 -0.012728 98.417923 -0.357193 0.010147 0.933975 2.134858 0.000000 0.000000 0.000000 1.000000
0.909079 -0.000067 0.416625 -10.743048 -0.002457 0.999982 0.005521 98.190697 -0.416618 -0.006043 0.909062 2.210719 0.000000 0.000000 0.000000 1.000000
0.880017 -0.011410 0.474805 -9.208488 -0.000177 0.999703 0.024352 97.932068 -0.474943 -0.021514 0.879754 2.220786 0.000000 0.000000 0.000000 1.000000
0.847219 -0.024188 0.530693 -7.463833 0.001821 0.999089 0.042628 97.657822 -0.531240 -0.035149 0.846492 2.152317 0.000000 0.000000 0.000000 1.000000
0.811370 -0.036965 0.583363 -5.533721 0.003026 0.998251 0.059046 97.374054 -0.584525 -0.046143 0.810062 1.992932 0.000000 0.000000 0.000000 1.000000
0.772657 -0.048100 0.632999 -3.445642 0.003045 0.997395 0.072073 97.101944 -0.634816 -0.053760 0.770790 1.726830 0.000000 0.000000 0.000000 1.000000
0.730674 -0.056532 0.680382 -1.267422 0.002007 0.996739 0.080662 96.879562 -0.682723 -0.057572 0.728405 1.365918 0.000000 0.000000 0.000000 1.000000
0.684987 -0.060965 0.726000 0.930576 -0.000841 0.996426 0.084467 96.678658 -0.728554 -0.058469 0.682488 0.907557 0.000000 0.000000 0.000000 1.000000</float_array><technique_common><accessor source="#Hips-Matrix-animation-output-transform-array" count="32" stride="16"><param type="float4x4"/></accessor></technique_common></source><source id="Hips-Interpolations"><Name_array id="Hips-Interpolations-array" count="32">
 LINEAR LINEAR LINEAR LINEAR LINEAR LINEAR LINEAR LINEAR LINEAR LINEAR LINEAR
LINEAR LINEAR LINEAR LINEAR LINEAR LINEAR LINEAR LINEAR LINEAR LINEAR LINEAR LINEAR
LINEAR LINEAR LINEAR LINEAR LINEAR LINEAR LINEAR LINEAR LINEAR</Name_array><technique_common><accessor source="#Hips-Interpolations-array" count="32"><param type="name"/></accessor></technique_common></source><sampler id="Hips-Matrix-animation-transform"><input semantic="INPUT" source="#Hips-Matrix-animation-input"/><input semantic="OUTPUT" source="#Hips-Matrix-animation-output-transform"/><input semantic="INTERPOLATION" source="#Hips-Interpolations"/></sampler><channel source="#Hips-Matrix-animation-transform" target="Hips/matrix"/></animation>
    <animation id="Spine-anim" name="Spine"><source id="Spine-Matrix-animation-input"><float_array id="Spine-Matrix-animation-input-array" count="32">

0.000000 0.033333 0.066667 0.100000 0.133333 0.166667 0.200000 0.233333 0.266667 0.300000 0.333333 0.366667 0.400000 0.433333 0.466667 0.500000
0.533333 0.566667 0.600000 0.633333 0.666667 0.700000 0.733333 0.766667 0.800000 0.833333 0.866667 0.900000 0.933333 0.966667 1.000000 1.033333</float_array><technique_common><accessor source="#Spine-Matrix-animation-input-array" count="32"><param name="TIME" type="float"/></accessor></technique_common></source><source id="Spine-Matrix-animation-output-transform"><float_array id="Spine-Matrix-animation-output-transform-array" count="512">

0.996481 0.018179 0.081824 -0.000000 -0.009854 0.994835 -0.101024 10.181600 -0.083238 0.099862 0.991513 0.131500 0.000000 0.000000 0.000000 1.000000
0.996478 0.017255 0.082065 0.000000 -0.008926 0.994867 -0.100796 10.181600 -0.083383 0.099709 0.991517 0.131500 0.000000 0.000000 0.000000 1.000000
0.996443 0.016324 0.082675 -0.000000 -0.008004 0.994956 -0.099988 10.181600 -0.083890 0.098970 0.991548 0.131500 0.000000 0.000000 0.000000 1.000000
0.996393 0.015364 0.083456 0.000000 -0.007040 0.995048 -0.099145 10.181600 -0.084566 0.098200 0.991567 0.131500 0.000000 0.000000 0.000000 1.000000
0.996319 0.015859 0.084246 0.000000 -0.007483 0.995077 -0.098825 10.181600 -0.085399 0.097830 0.991532 0.131500 0.000000 0.000000 0.000000 1.000000
0.996237 0.018510 0.084676 -0.000000 -0.010061 0.995023 -0.099138 10.181600 -0.086090 0.097913 0.991464 0.131500 0.000000 0.000000 0.000000 1.000000
0.996210 0.021827 0.084201 0.000000 -0.013365 0.994920 -0.099778 10.181600 -0.085952 0.098274 0.991441 0.131500 0.000000 0.000000 0.000000 1.000000
0.996242 0.024604 0.083043 -0.000000 -0.016186 0.994800 -0.100555 10.181600 -0.085085 0.098833 0.991460 0.131500 0.000000 0.000000 0.000000 1.000000
0.996328 0.026258 0.081489 0.000000 -0.017915 0.994677 -0.101472 10.181600 -0.083719 0.099639 0.991495 0.131500 0.000000 0.000000 0.000000 1.000000
0.996446 0.026763 0.079870 0.000000 -0.018491 0.994554 -0.102566 10.181600 -0.082180 0.100725 0.991514 0.131500 0.000000 0.000000 0.000000 1.000000
0.996581 0.026292 0.078333 0.000000 -0.018076 0.994434 -0.103802 10.181600 -0.080626 0.102031 0.991508 0.131500 0.000000 0.000000 0.000000 1.000000
0.996722 0.025377 0.076823 0.000000 -0.017218 0.994317 -0.105063 10.181600 -0.079053 0.103396 0.991494 0.131500 0.000000 0.000000 0.000000 1.000000
0.996845 0.024638 0.075448 0.000000 -0.016538 0.994212 -0.106159 10.181600 -0.077627 0.104576 0.991483 0.131500 0.000000 0.000000 0.000000 1.000000
0.996910 0.024354 0.074686 -0.000000 -0.016277 0.994135 -0.106910 10.181600 -0.076851 0.105364 0.991460 0.131500 0.000000 0.000000 0.000000 1.000000
0.996886 0.024492 0.074958 0.000000 -0.016358 0.994096 -0.107264 10.181600 -0.077142 0.105703 0.991401 0.131500 0.000000 0.000000 0.000000 1.000000
0.996780 0.025387 0.076057 -0.000000 -0.017129 0.994075 -0.107335 10.181600 -0.078332 0.105687 0.991309 0.131500 0.000000 0.000000 0.000000 1.000000
0.996640 0.026594 0.077466 0.000000 -0.018188 0.994065 -0.107259 10.181600 -0.079859 0.105489 0.991209 0.131500 0.000000 0.000000 0.000000 1.000000
0.996518 0.027491 0.078719 -0.000000 -0.018955 0.994057 -0.107194 10.181600 -0.081198 0.105328 0.991117 0.131500 0.000000 0.000000 0.000000 1.000000
0.996432 0.028495 0.079447 0.000000 -0.019863 0.994018 -0.107391 10.181600 -0.082032 0.105429 0.991038 0.131500 0.000000 0.000000 0.000000 1.000000
0.996381 0.029636 0.079668 0.000000 -0.020933 0.993937 -0.107941 10.181600 -0.082384 0.105882 0.990960 0.131500 0.000000 0.000000 0.000000 1.000000
0.996364 0.030201 0.079672 0.000000 -0.021441 0.993854 -0.108603 10.181600 -0.082462 0.106500 0.990887 0.131500 0.000000 0.000000 0.000000 1.000000
0.996374 0.029593 0.079764 0.000000 -0.020791 0.993824 -0.109002 10.181600 -0.082497 0.106948 0.990836 0.131500 0.000000 0.000000 0.000000 1.000000
0.996399 0.028876 0.079725 0.000000 -0.020075 0.993831 -0.109070 10.181600 -0.082382 0.107076 0.990832 0.131500 0.000000 0.000000 0.000000 1.000000
0.996412 0.028692 0.079625 0.000000 -0.019909 0.993844 -0.108981 10.181600 -0.082262 0.107005 0.990850 0.131500 0.000000 0.000000 0.000000 1.000000
0.996399 0.028454 0.079869 0.000000 -0.019656 0.993864 -0.108851 10.181600 -0.082476 0.106889 0.990844 0.131500 0.000000 0.000000 0.000000 1.000000
0.996367 0.027566 0.080582 -0.000000 -0.018714 0.993909 -0.108607 10.181600 -0.083085 0.106705 0.990813 0.131500 0.000000 0.000000 0.000000 1.000000
0.996326 0.026260 0.081522 0.000000 -0.017352 0.993986 -0.108120 10.181600 -0.083871 0.106308 0.990790 0.131500 0.000000 0.000000 0.000000 1.000000
0.996287 0.024974 0.082394 0.000000 -0.016044 0.994095 -0.107323 10.181600 -0.084588 0.105603 0.990804 0.131500 0.000000 0.000000 0.000000 1.000000
0.996270 0.023792 0.082950 0.000000 -0.014902 0.994234 -0.106192 10.181600 -0.084998 0.104560 0.990880 0.131500 0.000000 0.000000 0.000000 1.000000
0.996292 0.022539 0.083037 0.000000 -0.013769 0.994407 -0.104710 10.181600 -0.084933 0.103178 0.991030 0.131500 0.000000 0.000000 0.000000 1.000000
0.996353 0.021137 0.082664 -0.000000 -0.012558 0.994606 -0.102961 10.181600 -0.084394 0.101548 0.991245 0.131500 0.000000 0.000000 0.000000 1.000000
0.996470 0.018506 0.081889 0.000000 -0.010171 0.994829 -0.101050 10.181600 -0.083336 0.099860 0.991506 0.131500 0.000000 0.000000 0.000000 1.000000</float_array><technique_common><accessor source="#Spine-Matrix-animation-output-transform-array" count="32" stride="16"><param type="float4x4"/></accessor></technique_common></source><source id="Spine-Interpolations"><Name_array id="Spine-Interpolations-array" count="32">
 LINEAR LINEAR LINEAR LINEAR LINEAR LINEAR LINEAR LINEAR LINEAR LINEAR LINEAR
LINEAR LINEAR LINEAR LINEAR LINEAR LINEAR LINEAR LINEAR LINEAR LINEAR LINEAR LINEAR
LINEAR LINEAR LINEAR LINEAR LINEAR LINEAR LINEAR LINEAR LINEAR</Name_array><technique_common><accessor source="#Spine-Interpolations-array" count="32"><param type="name"/></accessor></technique_common></source><sampler id="Spine-Matrix-animation-transform"><input semantic="INPUT" source="#Spine-Matrix-animation-input"/><input semantic="OUTPUT" source="#Spine-Matrix-animation-output-transform"/><input semantic="INTERPOLATION" source="#Spine-Interpolations"/></sampler><channel source="#Spine-Matrix-animation-transform" target="Spine/matrix"/></animation>
    <animation id="Spine1-anim" name="Spine1"><source id="Spine1-Matrix-animation-input"><float_array id="Spine1-Matrix-animation-input-array" count="32">

0.000000 0.033333 0.066667 0.100000 0.133333 0.166667 0.200000 0.233333 0.266667 0.300000 0.333333 0.366667 0.400000 0.433333 0.466667 0.500000
0.533333 0.566667 0.600000 0.633333 0.666667 0.700000 0.733333 0.766667 0.800000 0.833333 0.866667 0.900000 0.933333 0.966667 1.000000 1.033333</float_array><technique_common><accessor source="#Spine1-Matrix-animation-input-array" count="32"><param name="TIME" type="float"/></accessor></technique_common></source><source id="Spine1-Matrix-animation-output-transform"><float_array id="Spine1-Matrix-animation-output-transform-array" count="512">

0.986155 0.053132 0.157083 -0.000000 -0.020481 0.979053 -0.202574 10.083500 -0.164555 0.196552 0.966586 -1.000800 0.000000 0.000000 0.000000 1.000000
0.985990 0.053820 0.157885 0.000000 -0.021041 0.979087 -0.202352 10.083500 -0.165474 0.196195 0.966502 -1.000800 0.000000 0.000000 0.000000 1.000000
0.985855 0.052544 0.159150 0.000000 -0.019791 0.979438 -0.200770 10.083500 -0.166427 0.194780 0.966624 -1.000800 0.000000 0.000000 0.000000 1.000000
0.985762 0.049946 0.160558 -0.000000 -0.017239 0.979855 -0.198967 10.083500 -0.167261 0.193366 0.966764 -1.000800 0.000000 0.000000 0.000000 1.000000
0.985730 0.047342 0.161541 0.000000 -0.014632 0.980103 -0.197950 10.083500 -0.167698 0.192762 0.966809 -1.000800 0.000000 0.000000 0.000000 1.000000
0.985775 0.045852 0.161698 0.000000 -0.013118 0.980123 -0.197955 10.083500 -0.167560 0.193018 0.966782 -1.000800 0.000000 0.000000 0.000000 1.000000
0.985890 0.045528 0.161083 0.000000 -0.012801 0.979991 -0.198630 10.083500 -0.166903 0.193765 0.966746 -1.000800 0.000000 0.000000 0.000000 1.000000
0.986057 0.045783 0.159988 0.000000 -0.013083 0.979762 -0.199738 10.083500 -0.165895 0.194859 0.966700 -1.000800 0.000000 0.000000 0.000000 1.000000
0.986255 0.046284 0.158614 0.000000 -0.013584 0.979428 -0.201334 10.083500 -0.164670 0.196413 0.966595 -1.000800 0.000000 0.000000 0.000000 1.000000
0.986486 0.047027 0.156950 -0.000000 -0.014292 0.978971 -0.203496 10.083500 -0.163219 0.198503 0.966414 -1.000800 0.000000 0.000000 0.000000 1.000000
0.986786 0.047821 0.154813 0.000000 -0.015082 0.978415 -0.206097 10.083500 -0.161328 0.201039 0.966207 -1.000800 0.000000 0.000000 0.000000 1.000000
0.987181 0.048333 0.152108 -0.000000 -0.015705 0.977835 -0.208785 10.083500 -0.158827 0.203720 0.966060 -1.000800 0.000000 0.000000 0.000000 1.000000
0.987597 0.048649 0.149282 -0.000000 -0.016234 0.977329 -0.211101 10.083500 -0.156168 0.206060 0.965997 -1.000800 0.000000 0.000000 0.000000 1.000000
0.987843 0.049249 0.147450 0.000000 -0.016959 0.976971 -0.212696 10.083500 -0.154529 0.207610 0.965929 -1.000800 0.000000 0.000000 0.000000 1.000000
0.987755 0.050270 0.147690 0.000000 -0.017792 0.976786 -0.213476 10.083500 -0.154993 0.208234 0.965720 -1.000800 0.000000 0.000000 0.000000 1.000000
0.987346 0.051234 0.150077 0.000000 -0.018223 0.976759 -0.213563 10.083500 -0.157531 0.208126 0.965333 -1.000800 0.000000 0.000000 0.000000 1.000000
0.986789 0.051765 0.153516 0.000000 -0.018067 0.976831 -0.213250 10.083500 -0.160998 0.207659 0.964861 -1.000800 0.000000 0.000000 0.000000 1.000000
0.986283 0.052282 0.156564 0.000000 -0.017972 0.976886 -0.213004 10.083500 -0.164081 0.207269 0.964426 -1.000800 0.000000 0.000000 0.000000 1.000000
0.985932 0.053606 0.158318 -0.000000 -0.018848 0.976791 -0.213362 10.083500 -0.166081 0.207376 0.964060 -1.000800 0.000000 0.000000 0.000000 1.000000
0.985755 0.055830 0.158650 0.000000 -0.020782 0.976500 -0.214511 10.083500 -0.166898 0.208158 0.963751 -1.000800 0.000000 0.000000 0.000000 1.000000
0.985746 0.057978 0.157935 0.000000 -0.022809 0.976132 -0.215977 10.083500 -0.166687 0.209296 0.963541 -1.000800 0.000000 0.000000 0.000000 1.000000
0.985870 0.059063 0.156754 -0.000000 -0.023962 0.975879 -0.216995 10.083500 -0.165789 0.210172 0.963505 -1.000800 0.000000 0.000000 0.000000 1.000000
0.986038 0.059148 0.155664 0.000000 -0.024235 0.975812 -0.217265 10.083500 -0.164750 0.210459 0.963621 -1.000800 0.000000 0.000000 0.000000 1.000000
0.986148 0.058953 0.155037 0.000000 -0.024204 0.975848 -0.217107 10.083500 -0.164092 0.210347 0.963757 -1.000800 0.000000 0.000000 0.000000 1.000000
0.986162 0.058690 0.155047 -0.000000 -0.023983 0.975907 -0.216864 10.083500 -0.164039 0.210144 0.963810 -1.000800 0.000000 0.000000 0.000000 1.000000
0.986099 0.057837 0.155771 0.000000 -0.023058 0.976027 -0.216426 10.083500 -0.164554 0.209825 0.963792 -1.000800 0.000000 0.000000 0.000000 1.000000
0.985987 0.056098 0.157106 -0.000000 -0.021213 0.976280 -0.215468 10.083500 -0.165467 0.209116 0.963790 -1.000800 0.000000 0.000000 0.000000 1.000000
0.985869 0.054078 0.158551 0.000000 -0.019178 0.976674 -0.213870 10.083500 -0.166419 0.207807 0.963909 -1.000800 0.000000 0.000000 0.000000 1.000000
0.985807 0.052730 0.159384 -0.000000 -0.018042 0.977170 -0.211690 10.083500 -0.166908 0.205810 0.964253 -1.000800 0.000000 0.000000 0.000000 1.000000
0.985851 0.052399 0.159225 -0.000000 -0.018218 0.977752 -0.208970 10.083500 -0.166633 0.203113 0.964872 -1.000800 0.000000 0.000000 0.000000 1.000000
0.985984 0.052704 0.158299 0.000000 -0.019253 0.978398 -0.205831 10.083500 -0.165727 0.199898 0.965699 -1.000800 0.000000 0.000000 0.000000 1.000000
0.986155 0.053132 0.157083 0.000000 -0.020481 0.979053 -0.202574 10.083500 -0.164555 0.196552 0.966586 -1.000800 0.000000 0.000000 0.000000 1.000000</float_array><technique_common><accessor source="#Spine1-Matrix-animation-output-transform-array" count="32" stride="16"><param type="float4x4"/></accessor></technique_common></source><source id="Spine1-Interpolations"><Name_array id="Spine1-Interpolations-array" count="32">
 LINEAR LINEAR LINEAR LINEAR LINEAR LINEAR LINEAR LINEAR LINEAR LINEAR LINEAR
LINEAR LINEAR LINEAR LINEAR LINEAR LINEAR LINEAR LINEAR LINEAR LINEAR LINEAR LINEAR
LINEAR LINEAR LINEAR LINEAR LINEAR LINEAR LINEAR LINEAR LINEAR</Name_array><technique_common><accessor source="#Spine1-Interpolations-array" count="32"><param type="name"/></accessor></technique_common></source><sampler id="Spine1-Matrix-animation-transform"><input semantic="INPUT" source="#Spine1-Matrix-animation-input"/><input semantic="OUTPUT" source="#Spine1-Matrix-animation-output-transform"/><input semantic="INTERPOLATION" source="#Spine1-Interpolations"/></sampler><channel source="#Spine1-Matrix-animation-transform" target="Spine1/matrix"/></animation>
    <animation id="Spine2-anim" name="Spine2"><source id="Spine2-Matrix-animation-input"><float_array id="Spine2-Matrix-animation-input-array" count="32">

0.000000 0.033333 0.066667 0.100000 0.133333 0.166667 0.200000 0.233333 0.266667 0.300000 0.333333 0.366667 0.400000 0.433333 0.466667 0.500000
0.533333 0.566667 0.600000 0.633333 0.666667 0.700000 0.733333 0.766667 0.800000 0.833333 0.866667 0.900000 0.933333 0.966667 1.000000 1.033333</float_array><technique_common><accessor source="#Spine2-Matrix-animation-input-array" count="32"><param name="TIME" type="float"/></accessor></technique_common></source><source id="Spine2-Matrix-animation-output-transform"><float_array id="Spine2-Matrix-animation-output-transform-array" count="512">

0.986155 0.053132 0.157083 -0.000000 -0.020481 0.979053 -0.202574 9.100000 -0.164556 0.196552 0.966586 -1.373400 0.000000 0.000000 0.000000 1.000000
0.985990 0.053820 0.157885 -0.000000 -0.021041 0.979087 -0.202352 9.100000 -0.165474 0.196195 0.966502 -1.373400 0.000000 0.000000 0.000000 1.000000
0.985855 0.052544 0.159150 0.000000 -0.019791 0.979438 -0.200770 9.100000 -0.166427 0.194780 0.966624 -1.373400 0.000000 0.000000 0.000000 1.000000
0.985762 0.049946 0.160558 -0.000000 -0.017239 0.979855 -0.198967 9.100000 -0.167261 0.193366 0.966764 -1.373400 0.000000 0.000000 0.000000 1.000000
0.985730 0.047342 0.161541 -0.000000 -0.014631 0.980103 -0.197950 9.100000 -0.167698 0.192762 0.966809 -1.373400 0.000000 0.000000 0.000000 1.000000
0.985775 0.045852 0.161698 0.000000 -0.013118 0.980123 -0.197956 9.100000 -0.167560 0.193018 0.966782 -1.373400 0.000000 0.000000 0.000000 1.000000
0.985890 0.045528 0.161083 0.000000 -0.012801 0.979991 -0.198630 9.100000 -0.166903 0.193765 0.966746 -1.373400 0.000000 0.000000 0.000000 1.000000
0.986057 0.045783 0.159988 0.000000 -0.013083 0.979762 -0.199738 9.100000 -0.165895 0.194859 0.966700 -1.373400 0.000000 0.000000 0.000000 1.000000
0.986255 0.046284 0.158614 0.000000 -0.013584 0.979428 -0.201334 9.100000 -0.164669 0.196412 0.966595 -1.373400 0.000000 0.000000 0.000000 1.000000
0.986486 0.047027 0.156950 0.000000 -0.014292 0.978971 -0.203496 9.100000 -0.163219 0.198503 0.966414 -1.373400 0.000000 0.000000 0.000000 1.000000
0.986786 0.047821 0.154813 0.000000 -0.015082 0.978415 -0.206097 9.100000 -0.161328 0.201039 0.966207 -1.373400 0.000000 0.000000 0.000000 1.000000
0.987181 0.048333 0.152108 0.000000 -0.015705 0.977835 -0.208785 9.100000 -0.158827 0.203720 0.966060 -1.373400 0.000000 0.000000 0.000000 1.000000
0.987597 0.048649 0.149282 -0.000000 -0.016234 0.977329 -0.211101 9.100000 -0.156168 0.206059 0.965997 -1.373400 0.000000 0.000000 0.000000 1.000000
0.987843 0.049249 0.147450 -0.000000 -0.016959 0.976971 -0.212696 9.100000 -0.154529 0.207610 0.965929 -1.373400 0.000000 0.000000 0.000000 1.000000
0.987755 0.050270 0.147690 0.000000 -0.017792 0.976786 -0.213476 9.100000 -0.154993 0.208234 0.965720 -1.373400 0.000000 0.000000 0.000000 1.000000
0.987346 0.051234 0.150077 -0.000000 -0.018223 0.976759 -0.213563 9.100000 -0.157531 0.208126 0.965333 -1.373400 0.000000 0.000000 0.000000 1.000000
0.986789 0.051765 0.153516 0.000000 -0.018067 0.976831 -0.213250 9.100000 -0.160998 0.207659 0.964861 -1.373400 0.000000 0.000000 0.000000 1.000000
0.986283 0.052283 0.156564 -0.000000 -0.017972 0.976886 -0.213005 9.100000 -0.164081 0.207269 0.964426 -1.373400 0.000000 0.000000 0.000000 1.000000
0.985932 0.053606 0.158318 0.000000 -0.018848 0.976791 -0.213362 9.100000 -0.166081 0.207376 0.964060 -1.373400 0.000000 0.000000 0.000000 1.000000
0.985755 0.055830 0.158650 -0.000000 -0.020782 0.976500 -0.214511 9.100000 -0.166898 0.208158 0.963751 -1.373400 0.000000 0.000000 0.000000 1.000000
0.985746 0.057978 0.157935 0.000000 -0.022809 0.976132 -0.215977 9.100000 -0.166687 0.209296 0.963541 -1.373400 0.000000 0.000000 0.000000 1.000000
0.985870 0.059063 0.156754 0.000000 -0.023962 0.975879 -0.216994 9.100000 -0.165789 0.210172 0.963505 -1.373400 0.000000 0.000000 0.000000 1.000000
0.986038 0.059148 0.155665 -0.000000 -0.024235 0.975812 -0.217265 9.100000 -0.164750 0.210459 0.963621 -1.373400 0.000000 0.000000 0.000000 1.000000
0.986148 0.058953 0.155038 -0.000000 -0.024204 0.975848 -0.217108 9.100000 -0.164092 0.210348 0.963757 -1.373400 0.000000 0.000000 0.000000 1.000000
0.986162 0.058689 0.155046 -0.000000 -0.023983 0.975907 -0.216863 9.100000 -0.164038 0.210144 0.963811 -1.373400 0.000000 0.000000 0.000000 1.000000
0.986099 0.057837 0.155771 0.000000 -0.023058 0.976027 -0.216425 9.100000 -0.164554 0.209825 0.963792 -1.373400 0.000000 0.000000 0.000000 1.000000
0.985987 0.056098 0.157106 0.000000 -0.021213 0.976280 -0.215468 9.100000 -0.165467 0.209116 0.963790 -1.373400 0.000000 0.000000 0.000000 1.000000
0.985869 0.054078 0.158551 0.000000 -0.019178 0.976674 -0.213871 9.100000 -0.166419 0.207808 0.963909 -1.373400 0.000000 0.000000 0.000000 1.000000
0.985807 0.052730 0.159384 0.000000 -0.018042 0.977170 -0.211690 9.100000 -0.166908 0.205810 0.964253 -1.373400 0.000000 0.000000 0.000000 1.000000
0.985851 0.052399 0.159225 0.000000 -0.018218 0.977752 -0.208970 9.100000 -0.166632 0.203113 0.964872 -1.373400 0.000000 0.000000 0.000000 1.000000
0.985984 0.052704 0.158298 0.000000 -0.019253 0.978398 -0.205831 9.100000 -0.165727 0.199898 0.965699 -1.373400 0.000000 0.000000 0.000000 1.000000
0.986155 0.053132 0.157083 -0.000000 -0.020481 0.979053 -0.202574 9.100000 -0.164555 0.196552 0.966586 -1.373400 0.000000 0.000000 0.000000 1.000000</float_array><technique_common><accessor source="#Spine2-Matrix-animation-output-transform-array" count="32" stride="16"><param type="float4x4"/></accessor></technique_common></source><source id="Spine2-Interpolations"><Name_array id="Spine2-Interpolations-array" count="32">
 LINEAR LINEAR LINEAR LINEAR LINEAR LINEAR LINEAR LINEAR LINEAR LINEAR LINEAR
LINEAR LINEAR LINEAR LINEAR LINEAR LINEAR LINEAR LINEAR LINEAR LINEAR LINEAR LINEAR
LINEAR LINEAR LINEAR LINEAR LINEAR LINEAR LINEAR LINEAR LINEAR</Name_array><technique_common><accessor source="#Spine2-Interpolations-array" count="32"><param type="name"/></accessor></technique_common></source><sampler id="Spine2-Matrix-animation-transform"><input semantic="INPUT" source="#Spine2-Matrix-animation-input"/><input semantic="OUTPUT" source="#Spine2-Matrix-animation-output-transform"/><input semantic="INTERPOLATION" source="#Spine2-Interpolations"/></sampler><channel source="#Spine2-Matrix-animation-transform" target="Spine2/matrix"/></animation>
    <animation id="Neck-anim" name="Neck"><source id="Neck-Matrix-animation-input"><float_array id="Neck-Matrix-animation-input-array" count="32">

0.000000 0.033333 0.066667 0.100000 0.133333 0.166667 0.200000 0.233333 0.266667 0.300000 0.333333 0.366667 0.400000 0.433333 0.466667 0.500000
0.533333 0.566667 0.600000 0.633333 0.666667 0.700000 0.733333 0.766667 0.800000 0.833333 0.866667 0.900000 0.933333 0.966667 1.000000 1.033333</float_array><technique_common><accessor source="#Neck-Matrix-animation-input-array" count="32"><param name="TIME" type="float"/></accessor></technique_common></source><source id="Neck-Matrix-animation-output-transform"><float_array id="Neck-Matrix-animation-output-transform-array" count="512">

0.999747 -0.003600 -0.022216 0.000000 0.005258 0.997169 0.075014 16.671700 0.021883 -0.075111 0.996935 -2.516200 0.000000 0.000000 0.000000 1.000000
0.999358 -0.025601 -0.025073 0.000000 0.027481 0.996594 0.077757 16.671700 0.022997 -0.078396 0.996657 -2.516200 0.000000 0.000000 0.000000 1.000000
0.999187 -0.039738 -0.006844 0.000000 0.040173 0.995662 0.083924 16.671700 0.003480 -0.084131 0.996449 -2.516200 0.000000 0.000000 0.000000 1.000000
0.998329 -0.049278 0.030170 0.000000 0.046342 0.994746 0.091283 16.671700 -0.034509 -0.089733 0.995368 -2.516200 0.000000 0.000000 0.000000 1.000000
0.994966 -0.059218 0.080842 0.000000 0.051244 0.993928 0.097375 16.671700 -0.086118 -0.092742 0.991959 -2.516200 0.000000 0.000000 0.000000 1.000000
0.987559 -0.072413 0.139583 0.000000 0.058257 0.992977 0.102968 16.671700 -0.146059 -0.093555 0.984842 -2.516200 0.000000 0.000000 0.000000 1.000000
0.975419 -0.087118 0.202408 -0.000000 0.065537 0.991658 0.110991 16.671700 -0.210389 -0.094997 0.972991 -2.516200 0.000000 0.000000 0.000000 1.000000
0.959041 -0.099602 0.265179 0.000000 0.069148 0.990141 0.121820 16.671700 -0.274698 -0.098494 0.956473 -2.516200 0.000000 0.000000 0.000000 1.000000
0.940346 -0.107882 0.322663 0.000000 0.068079 0.988879 0.132228 16.671700 -0.333339 -0.102373 0.937232 -2.516200 0.000000 0.000000 0.000000 1.000000
0.922326 -0.112718 0.369608 0.000000 0.064932 0.988118 0.139310 16.671700 -0.380919 -0.104490 0.918685 -2.516200 0.000000 0.000000 0.000000 1.000000
0.908002 -0.116165 0.402541 0.000000 0.062823 0.987681 0.143315 16.671700 -0.414230 -0.104841 0.904114 -2.516200 0.000000 0.000000 0.000000 1.000000
0.899306 -0.119786 0.420594 -0.000000 0.063334 0.987290 0.145763 16.671700 -0.432709 -0.104448 0.895463 -2.516200 0.000000 0.000000 0.000000 1.000000
0.896880 -0.123558 0.424663 0.000000 0.066920 0.987041 0.145852 16.671700 -0.437181 -0.102393 0.893526 -2.516200 0.000000 0.000000 0.000000 1.000000
0.900285 -0.125635 0.416777 0.000000 0.073134 0.987490 0.139694 16.671700 -0.429113 -0.095284 0.898211 -2.516200 0.000000 0.000000 0.000000 1.000000
0.907932 -0.123248 0.400587 0.000000 0.079510 0.989079 0.124098 16.671700 -0.411507 -0.080822 0.907816 -2.516200 0.000000 0.000000 0.000000 1.000000
0.917633 -0.114679 0.380525 0.000000 0.081642 0.991438 0.101911 16.671700 -0.388954 -0.062450 0.919138 -2.516200 0.000000 0.000000 0.000000 1.000000
0.927710 -0.101146 0.359337 0.000000 0.076312 0.993650 0.082676 16.671700 -0.365418 -0.049278 0.929538 -2.516200 0.000000 0.000000 0.000000 1.000000
0.937374 -0.086383 0.337444 -0.000000 0.064489 0.995052 0.075585 16.671700 -0.342303 -0.049090 0.938306 -2.516200 0.000000 0.000000 0.000000 1.000000
0.946318 -0.073281 0.314822 0.000000 0.050262 0.995476 0.080633 16.671700 -0.319306 -0.060481 0.945720 -2.516200 0.000000 0.000000 0.000000 1.000000
0.954351 -0.061587 0.292268 0.000000 0.037344 0.995436 0.087822 16.671700 -0.296342 -0.072899 0.952296 -2.516200 0.000000 0.000000 0.000000 1.000000
0.961461 -0.050171 0.270325 0.000000 0.027620 0.995861 0.086593 16.671700 -0.273550 -0.075790 0.958867 -2.516200 0.000000 0.000000 0.000000 1.000000
0.967985 -0.040080 0.247786 0.000000 0.021920 0.996896 0.075619 16.671700 -0.250047 -0.067767 0.965859 -2.516200 0.000000 0.000000 0.000000 1.000000
0.974273 -0.033171 0.222915 0.000000 0.019781 0.997878 0.062037 16.671700 -0.224499 -0.056031 0.972862 -2.516200 0.000000 0.000000 0.000000 1.000000
0.980253 -0.028310 0.195712 0.000000 0.018438 0.998473 0.052082 16.671700 -0.196888 -0.047445 0.979277 -2.516200 0.000000 0.000000 0.000000 1.000000
0.985650 -0.021461 0.167434 -0.000000 0.014068 0.998878 0.045216 16.671700 -0.168217 -0.042212 0.984846 -2.516200 0.000000 0.000000 0.000000 1.000000
0.990279 -0.010172 0.138723 0.000000 0.004937 0.999264 0.038028 16.671700 -0.139008 -0.036973 0.989601 -2.516200 0.000000 0.000000 0.000000 1.000000
0.993972 0.003726 0.109574 0.000000 -0.007199 0.999484 0.031311 16.671700 -0.109401 -0.031911 0.993485 -2.516200 0.000000 0.000000 0.000000 1.000000
0.996610 0.015957 0.080706 0.000000 -0.018468 0.999365 0.030459 16.671700 -0.080169 -0.031847 0.996272 -2.516200 0.000000 0.000000 0.000000 1.000000
0.998317 0.022691 0.053365 0.000000 -0.024781 0.998939 0.038829 16.671700 -0.052428 -0.040087 0.997820 -2.516200 0.000000 0.000000 0.000000 1.000000
0.999383 0.021604 0.027703 -0.000000 -0.023054 0.998321 0.053135 16.671700 -0.026508 -0.053741 0.998203 -2.516200 0.000000 0.000000 0.000000 1.000000
0.999920 0.012390 0.002726 0.000000 -0.012544 0.997693 0.066718 16.671700 -0.001893 -0.066746 0.997768 -2.516200 0.000000 0.000000 0.000000 1.000000
0.999747 -0.003600 -0.022214 -0.000000 0.005257 0.997169 0.075013 16.671700 0.021882 -0.075111 0.996935 -2.516200 0.000000 0.000000 0.000000 1.000000</float_array><technique_common><accessor source="#Neck-Matrix-animation-output-transform-array" count="32" stride="16"><param type="float4x4"/></accessor></technique_common></source><source id="Neck-Interpolations"><Name_array id="Neck-Interpolations-array" count="32">
 LINEAR LINEAR LINEAR LINEAR LINEAR LINEAR LINEAR LINEAR LINEAR LINEAR LINEAR
LINEAR LINEAR LINEAR LINEAR LINEAR LINEAR LINEAR LINEAR LINEAR LINEAR LINEAR LINEAR
LINEAR LINEAR LINEAR LINEAR LINEAR LINEAR LINEAR LINEAR LINEAR</Name_array><technique_common><accessor source="#Neck-Interpolations-array" count="32"><param type="name"/></accessor></technique_common></source><sampler id="Neck-Matrix-animation-transform"><input semantic="INPUT" source="#Neck-Matrix-animation-input"/><input semantic="OUTPUT" source="#Neck-Matrix-animation-output-transform"/><input semantic="INTERPOLATION" source="#Neck-Interpolations"/></sampler><channel source="#Neck-Matrix-animation-transform" target="Neck/matrix"/></animation>
    <animation id="Head-anim" name="Head"><source id="Head-Matrix-animation-input"><float_array id="Head-Matrix-animation-input-array" count="32">

0.000000 0.033333 0.066667 0.100000 0.133333 0.166667 0.200000 0.233333 0.266667 0.300000 0.333333 0.366667 0.400000 0.433333 0.466667 0.500000
0.533333 0.566667 0.600000 0.633333 0.666667 0.700000 0.733333 0.766667 0.800000 0.833333 0.866667 0.900000 0.933333 0.966667 1.000000 1.033333</float_array><technique_common><accessor source="#Head-Matrix-animation-input-array" count="32"><param name="TIME" type="float"/></accessor></technique_common></source><source id="Head-Matrix-animation-output-transform"><float_array id="Head-Matrix-animation-output-transform-array" count="512">

0.937032 0.006168 0.349190 -0.000000 -0.044691 0.993742 0.102370 9.617900 -0.346374 -0.111530 0.931443 1.685000 0.000000 0.000000 0.000000 1.000000
0.937217 0.010321 0.348594 0.000000 -0.044420 0.994954 0.089967 9.617900 -0.345906 -0.099803 0.932946 1.685000 0.000000 0.000000 0.000000 1.000000
0.936499 0.008754 0.350561 0.000000 -0.034533 0.997131 0.067352 9.617900 -0.348966 -0.075181 0.934115 1.685000 0.000000 0.000000 0.000000 1.000000
0.933764 0.006436 0.357831 0.000000 -0.022583 0.998905 0.040963 9.617900 -0.357176 -0.046331 0.932887 1.685000 0.000000 0.000000 0.000000 1.000000
0.928063 0.008252 0.372332 0.000000 -0.015314 0.999754 0.016014 9.617900 -0.372108 -0.020564 0.927962 1.685000 0.000000 0.000000 0.000000 1.000000
0.919315 0.015074 0.393234 0.000000 -0.012575 0.999881 -0.008930 9.617900 -0.393322 0.003265 0.919395 1.685000 0.000000 0.000000 0.000000 1.000000
0.908456 0.023899 0.417298 0.000000 -0.008408 0.999207 -0.038920 9.617900 -0.417897 0.031848 0.907936 1.685000 0.000000 0.000000 0.000000 1.000000
0.896766 0.031914 0.441352 0.000000 0.000753 0.997284 -0.073642 9.617900 -0.442504 0.066372 0.894307 1.685000 0.000000 0.000000 0.000000 1.000000
0.884791 0.039092 0.464346 -0.000000 0.011534 0.994332 -0.105689 9.617900 -0.465846 0.098868 0.879325 1.685000 0.000000 0.000000 0.000000 1.000000
0.872354 0.047683 0.486543 0.000000 0.017043 0.991661 -0.127744 9.617900 -0.488577 0.119731 0.864267 1.685000 0.000000 0.000000 0.000000 1.000000
0.859360 0.059773 0.507865 -0.000000 0.013389 0.990175 -0.139195 9.617900 -0.511195 0.126418 0.850116 1.685000 0.000000 0.000000 0.000000 1.000000
0.846332 0.075362 0.527298 -0.000000 0.002275 0.989420 -0.145060 9.617900 -0.532651 0.123968 0.837206 1.685000 0.000000 0.000000 0.000000 1.000000
0.834415 0.092735 0.543278 0.000000 -0.012734 0.988723 -0.149212 9.617900 -0.550989 0.117587 0.826187 1.685000 0.000000 0.000000 0.000000 1.000000
0.824451 0.110175 0.555105 -0.000000 -0.031339 0.988250 -0.149598 9.617900 -0.565065 0.105939 0.818217 1.685000 0.000000 0.000000 0.000000 1.000000
0.816079 0.126534 0.563919 0.000000 -0.055895 0.988445 -0.140900 9.617900 -0.575232 0.083465 0.813721 1.685000 0.000000 0.000000 0.000000 1.000000
0.808464 0.140431 0.571546 -0.000000 -0.085664 0.988852 -0.121792 9.617900 -0.582278 0.049504 0.811481 1.685000 0.000000 0.000000 0.000000 1.000000
0.801840 0.150399 0.578302 0.000000 -0.114647 0.988548 -0.098128 9.617900 -0.586437 0.012383 0.809900 1.685000 0.000000 0.000000 0.000000 1.000000
0.797416 0.156381 0.582814 0.000000 -0.137093 0.987529 -0.077403 9.617900 -0.587651 -0.018178 0.808911 1.685000 0.000000 0.000000 0.000000 1.000000
0.795732 0.159800 0.584187 -0.000000 -0.153223 0.986302 -0.061088 9.617900 -0.585947 -0.040901 0.809317 1.685000 0.000000 0.000000 0.000000 1.000000
0.796483 0.161677 0.582645 -0.000000 -0.167038 0.984925 -0.044961 9.617900 -0.581131 -0.061514 0.811482 1.685000 0.000000 0.000000 0.000000 1.000000
0.799867 0.161544 0.578028 -0.000000 -0.179552 0.983395 -0.026373 9.617900 -0.572690 -0.082692 0.815591 1.685000 0.000000 0.000000 0.000000 1.000000
0.806816 0.158065 0.569265 0.000000 -0.187046 0.982321 -0.007657 9.617900 -0.560412 -0.100301 0.822118 1.685000 0.000000 0.000000 0.000000 1.000000
0.817731 0.149874 0.555746 -0.000000 -0.185976 0.982516 0.008681 9.617900 -0.544728 -0.110454 0.831307 1.685000 0.000000 0.000000 0.000000 1.000000
0.831755 0.136104 0.538201 0.000000 -0.177184 0.983860 0.025021 9.617900 -0.526109 -0.116172 0.842445 1.685000 0.000000 0.000000 0.000000 1.000000
0.847639 0.117208 0.517466 0.000000 -0.164501 0.985290 0.046289 9.617900 -0.504429 -0.124360 0.854451 1.685000 0.000000 0.000000 0.000000 1.000000
0.864567 0.095124 0.493431 0.000000 -0.150200 0.985949 0.073102 9.617900 -0.479545 -0.137315 0.866707 1.685000 0.000000 0.000000 0.000000 1.000000
0.881872 0.071928 0.465970 0.000000 -0.132842 0.986162 0.099183 9.617900 -0.452388 -0.149367 0.879224 1.685000 0.000000 0.000000 0.000000 1.000000
0.898457 0.048861 0.436334 0.000000 -0.110136 0.987095 0.116247 9.617900 -0.425023 -0.152499 0.892244 1.685000 0.000000 0.000000 0.000000 1.000000
0.912813 0.027676 0.407438 0.000000 -0.083888 0.989132 0.120753 9.617900 -0.399668 -0.144404 0.905214 1.685000 0.000000 0.000000 0.000000 1.000000
0.923859 0.011936 0.382548 -0.000000 -0.060821 0.991391 0.115951 9.617900 -0.377870 -0.130389 0.916631 1.685000 0.000000 0.000000 0.000000 1.000000
0.931697 0.004672 0.363206 0.000000 -0.047164 0.993009 0.108210 9.617900 -0.360162 -0.117949 0.925404 1.685000 0.000000 0.000000 0.000000 1.000000
0.937032 0.006168 0.349190 -0.000000 -0.044691 0.993742 0.102370 9.617900 -0.346374 -0.111530 0.931443 1.685000 0.000000 0.000000 0.000000 1.000000</float_array><technique_common><accessor source="#Head-Matrix-animation-output-transform-array" count="32" stride="16"><param type="float4x4"/></accessor></technique_common></source><source id="Head-Interpolations"><Name_array id="Head-Interpolations-array" count="32">
 LINEAR LINEAR LINEAR LINEAR LINEAR LINEAR LINEAR LINEAR LINEAR LINEAR LINEAR
LINEAR LINEAR LINEAR LINEAR LINEAR LINEAR LINEAR LINEAR LINEAR LINEAR LINEAR LINEAR
LINEAR LINEAR LINEAR LINEAR LINEAR LINEAR LINEAR LINEAR LINEAR</Name_array><technique_common><accessor source="#Head-Interpolations-array" count="32"><param type="name"/></accessor></technique_common></source><sampler id="Head-Matrix-animation-transform"><input semantic="INPUT" source="#Head-Matrix-animation-input"/><input semantic="OUTPUT" source="#Head-Matrix-animation-output-transform"/><input semantic="INTERPOLATION" source="#Head-Interpolations"/></sampler><channel source="#Head-Matrix-animation-transform" target="Head/matrix"/></animation>
    <animation id="LeftShoulder-anim" name="LeftShoulder"><source id="LeftShoulder-Matrix-animation-input"><float_array id="LeftShoulder-Matrix-animation-input-array" count="32">

0.000000 0.033333 0.066667 0.100000 0.133333 0.166667 0.200000 0.233333 0.266667 0.300000 0.333333 0.366667 0.400000 0.433333 0.466667 0.500000
