<?xml version="1.0" encoding="utf-8"?>
<COLLADA xmlns="http://www.collada.org/2005/11/COLLADASchema" version="1.4.1">
  <asset><contributor><author>Mixamo</author><authoring_tool>COLLADA Mixamo exporter</authoring_tool><comments></comments></contributor><created>2018-11-02T15:59:49Z</created><modified>2018-11-02T15:59:49Z</modified><revision></revision><title></title><unit meter="0.010000"/><up_axis>Y_UP</up_axis></asset>
  <library_animations>
    <animation id="Hips-anim" name="Hips"><source id="Hips-Matrix-animation-input"><float_array id="Hips-Matrix-animation-input-array" count="32">

0.000000 0.033333 0.066667 0.100000 0.133333 0.166667 0.200000 0.233333 0.266667 0.300000 0.333333 0.366667 0.400000 0.433333 0.466667 0.500000
0.533333 0.566667 0.600000 0.633333 0.666667 0.700000 0.733333 0.766667 0.800000 0.833333 0.866667 0.900000 0.933333 0.966667 1.000000 1.033333</float_array><technique_common><accessor source="#Hips-Matrix-animation-input-array" count="32"><param name="TIME" type="float"/></accessor></technique_common></source><source id="Hips-Matrix-animation-output-transform"><float_array id="Hips-Matrix-animation-output-transform-array" count="512">

0.728651 0.053775 -0.682771 -0.943082 -0.000949 0.996991 0.077510 96.691193 0.684884 -0.055830 0.726510 0.959425 0.000000 0.000000 0.000000 1.000000
0.670042 0.056337 -0.740182 -0.467416 -0.011534 0.997786 0.065504 96.665787 0.742233 -0.035353 0.669209 1.622344 0.000000 0.000000 0.000000 1.000000
0.605293 0.050449 -0.794402 0.748997 -0.025926 0.998710 0.043670 96.752945 0.795580 -0.005838 0.605820 3.185135 0.000000 0.000000 0.000000 1.000000
0.537729 0.040089 -0.842164 2.270732 -0.041977 0.998903 0.020747 96.901268 0.842072 0.024195 0.538822 5.054341 0.000000 0.000000 0.000000 1.000000
0.470250 0.026244 -0.882143 3.645164 -0.055386 0.998465 0.000179 97.172836 0.880793 0.048775 0.470982 6.735954 0.000000 0.000000 0.000000 1.000000
0.404314 0.008702 -0.914579 4.850509 -0.064927 0.997705 -0.019210 97.583138 0.912313 0.067148 0.403951 8.287376 0.000000 0.000000 0.000000 1.000000
0.341535 -0.008261 -0.939833 5.948789 -0.070997 0.996878 -0.034563 97.748894 0.937184 0.078530 0.339882 9.686603 0.000000 0.000000 0.000000 1.000000
0.282493 -0.024282 -0.958962 6.881159 -0.072518 0.996278 -0.046589 97.719482 0.956524 0.082703 0.279681 10.823948 0.000000 0.000000 0.000000 1.000000
0.227191 -0.038648 -0.973083 7.684491 -0.072046 0.995807 -0.056372 97.685692 0.971182 0.082913 0.223454 11.816408 0.000000 0.000000 0.000000 1.000000
0.174502 -0.050766 -0.983347 8.369705 -0.070673 0.995449 -0.063933 97.700287 0.982117 0.080652 0.170120 12.675020 0.000000 0.000000 0.000000 1.000000
0.121513 -0.061752 -0.990667 8.968875 -0.067440 0.995243 -0.070309 97.759308 0.990296 0.075354 0.116771 13.348492 0.000000 0.000000 0.000000 1.000000
0.065648 -0.072669 -0.995193 9.517836 -0.061841 0.995131 -0.076744 97.872543 0.995925 0.066582 0.060835 13.823094 0.000000 0.000000 0.000000 1.000000
0.005794 -0.083351 -0.996503 10.048450 -0.054632 0.995005 -0.083544 98.029716 0.998490 0.054925 0.001212 14.104707 0.000000 0.000000 0.000000 1.000000
-0.056801 -0.092533 -0.994088 10.580271 -0.047888 0.994802 -0.089863 98.200027 0.997236 0.042500 -0.060937 14.216534 0.000000 0.000000 0.000000 1.000000
-0.120287 -0.097921 -0.987898 11.117719 -0.042795 0.994710 -0.093385 98.295128 0.991816 0.031044 -0.123841 14.164419 0.000000 0.000000 0.000000 1.000000
-0.182144 -0.099535 -0.978221 11.646276 -0.039318 0.994805 -0.093902 98.230026 0.982485 0.021358 -0.185111 13.933012 0.000000 0.000000 0.000000 1.000000
-0.239330 -0.097837 -0.965996 12.148331 -0.037781 0.995095 -0.091424 98.010231 0.970203 0.014616 -0.241852 13.520094 0.000000 0.000000 0.000000 1.000000
-0.289388 -0.093517 -0.952633 12.550278 -0.036373 0.995572 -0.086683 97.669724 0.956521 0.009565 -0.291508 12.946501 0.000000 0.000000 0.000000 1.000000
-0.330937 -0.086704 -0.939661 12.783503 -0.033442 0.996222 -0.080145 97.240395 0.943060 0.004901 -0.332586 12.248353 0.000000 0.000000 0.000000 1.000000
-0.363749 -0.077817 -0.928241 12.628896 -0.028596 0.996968 -0.072372 96.852692 0.931058 0.000219 -0.364871 11.386923 0.000000 0.000000 0.000000 1.000000
-0.388596 -0.066198 -0.919027 12.014276 -0.021199 0.997794 -0.062908 96.621185 0.921164 -0.004963 -0.389143 10.357916 0.000000 0.000000 0.000000 1.000000
-0.407615 -0.051126 -0.911722 11.035126 -0.011124 0.998635 -0.051026 96.560501 0.913086 -0.010657 -0.407627 9.195100 0.000000 0.000000 0.000000 1.000000
-0.424337 -0.033072 -0.904900 9.792948 -0.000093 0.999334 -0.036480 96.621552 0.905504 -0.015395 -0.424058 7.934529 0.000000 0.000000 0.000000 1.000000
-0.442413 -0.013661 -0.896707 8.378473 0.009473 0.999757 -0.019904 96.731483 0.896761 -0.017300 -0.442176 6.621576 0.000000 0.000000 0.000000 1.000000
-0.464279 0.004539 -0.885677 6.850131 0.015302 0.999879 -0.002896 96.828529 0.885557 -0.014897 -0.464292 5.299203 0.000000 0.000000 0.000000 1.000000
-0.489716 0.019978 -0.871653 5.257248 0.017020 0.999766 0.013352 96.877022 0.871716 -0.008297 -0.489941 3.978835 0.000000 0.000000 0.000000 1.000000
-0.517747 0.033263 -0.854887 3.672228 0.015932 0.999445 0.029239 96.864510 0.855385 0.001518 -0.517990 2.886141 0.000000 0.000000 0.000000 1.000000
-0.547566 0.045632 -0.835517 2.206238 0.014143 0.998874 0.045284 96.809364 0.836643 0.012979 -0.547595 1.787276 0.000000 0.000000 0.000000 1.000000
-0.578991 0.057100 -0.813332 0.946439 0.012578 0.998052 0.061114 96.730476 0.815237 0.025154 -0.578581 0.755737 0.000000 0.000000 0.000000 1.000000
-0.612009 0.065813 -0.788107 -0.033943 0.010742 0.997131 0.074926 96.637253 0.790778 0.037389 -0.610961 -0.105459 0.000000 0.000000 0.000000 1.000000
-0.646455 0.064559 -0.760216 -0.704207 0.006457 0.996841 0.079163 96.644028 0.762925 0.046267 -0.644830 -0.711193 0.000000 0.000000 0.000000 1.000000
-0.682598 0.056000 -0.728645 -0.962367 -0.000945 0.996991 0.077510 96.691162 0.730793 0.053597 -0.680491 -0.940083 0.000000 0.000000 0.000000 1.000000</float_array><technique_common><accessor source="#Hips-Matrix-animation-output-transform-array" count="32" stride="16"><param type="float4x4"/></accessor></technique_common></source><source id="Hips-Interpolations"><Name_array id="Hips-Interpolations-array" count="32">
 LINEAR LINEAR LINEAR LINEAR LINEAR LINEAR LINEAR LINEAR LINEAR LINEAR LINEAR
LINEAR LINEAR LINEAR LINEAR LINEAR LINEAR LINEAR LINEAR LINEAR LINEAR LINEAR LINEAR
LINEAR LINEAR LINEAR LINEAR LINEAR LINEAR LINEAR LINEAR LINEAR</Name_array><technique_common><accessor source="#Hips-Interpolations-array" count="32"><param type="name"/></accessor></technique_common></source><sampler id="Hips-Matrix-animation-transform"><input semantic="INPUT" source="#Hips-Matrix-animation-input"/><input semantic="OUTPUT" source="#Hips-Matrix-animation-output-transform"/><input semantic="INTERPOLATION" source="#Hips-Interpolations"/></sampler><channel source="#Hips-Matrix-animation-transform" target="Hips/matrix"/></animation>
    <animation id="Spine-anim" name="Spine"><source id="Spine-Matrix-animation-input"><float_array id="Spine-Matrix-animation-input-array" count="32">

0.000000 0.033333 0.066667 0.100000 0.133333 0.166667 0.200000 0.233333 0.266667 0.300000 0.333333 0.366667 0.400000 0.433333 0.466667 0.500000
0.533333 0.566667 0.600000 0.633333 0.666667 0.700000 0.733333 0.766667 0.800000 0.833333 0.866667 0.900000 0.933333 0.966667 1.000000 1.033333</float_array><technique_common><accessor source="#Spine-Matrix-animation-input-array" count="32"><param name="TIME" type="float"/></accessor></technique_common></source><source id="Spine-Matrix-animation-output-transform"><float_array id="Spine-Matrix-animation-output-transform-array" count="512">

0.996481 0.018179 0.081824 0.000000 -0.009853 0.994835 -0.101024 10.181600 -0.083237 0.099862 0.991514 0.131500 0.000000 0.000000 0.000000 1.000000
0.996470 0.015078 0.082580 0.000000 -0.006892 0.995111 -0.098527 10.181600 -0.083662 0.097610 0.991702 0.131500 0.000000 0.000000 0.000000 1.000000
0.996457 0.010355 0.083462 -0.000000 -0.002285 0.995359 -0.096209 10.181600 -0.084071 0.095678 0.991856 0.131500 0.000000 0.000000 0.000000 1.000000
0.996397 0.005424 0.084638 0.000000 0.002610 0.995518 -0.094531 10.181600 -0.084772 0.094411 0.991917 0.131500 0.000000 0.000000 0.000000 1.000000
0.996308 0.001466 0.085844 0.000000 0.006607 0.995581 -0.093674 10.181600 -0.085602 0.093895 0.991895 0.131500 0.000000 0.000000 0.000000 1.000000
0.996232 -0.000585 0.086730 0.000000 0.008717 0.995589 -0.093411 10.181600 -0.086293 0.093815 0.991843 0.131500 0.000000 0.000000 0.000000 1.000000
0.996205 -0.000136 0.087033 0.000000 0.008292 0.995598 -0.093361 10.181600 -0.086637 0.093728 0.991821 0.131500 0.000000 0.000000 0.000000 1.000000
0.996231 0.002980 0.086686 0.000000 0.005141 0.995624 -0.093311 10.181600 -0.086584 0.093405 0.991856 0.131500 0.000000 0.000000 0.000000 1.000000
0.996259 0.006017 0.086208 -0.000000 0.002045 0.995652 -0.093129 10.181600 -0.086393 0.092957 0.991915 0.131500 0.000000 0.000000 0.000000 1.000000
0.996277 0.008335 0.085804 -0.000000 -0.000322 0.995667 -0.092986 10.181600 -0.086207 0.092612 0.991963 0.131500 0.000000 0.000000 0.000000 1.000000
0.996297 0.010867 0.085290 0.000000 -0.002901 0.995664 -0.092973 10.181600 -0.085930 0.092381 0.992009 0.131500 0.000000 0.000000 0.000000 1.000000
0.996311 0.014246 0.084620 0.000000 -0.006342 0.995651 -0.092948 10.181600 -0.085576 0.092068 0.992069 0.131500 0.000000 0.000000 0.000000 1.000000
0.996311 0.018069 0.083897 0.000000 -0.010238 0.995628 -0.092845 10.181600 -0.085207 0.091643 0.992140 0.131500 0.000000 0.000000 0.000000 1.000000
0.996297 0.021172 0.083331 0.000000 -0.013389 0.995588 -0.092873 10.181600 -0.084929 0.091414 0.992185 0.131500 0.000000 0.000000 0.000000 1.000000
0.996284 0.022970 0.083015 0.000000 -0.015173 0.995516 -0.093364 10.181600 -0.084787 0.091757 0.992165 0.131500 0.000000 0.000000 0.000000 1.000000
0.996284 0.023524 0.082853 0.000000 -0.015651 0.995410 -0.094414 10.181600 -0.084694 0.092766 0.992079 0.131500 0.000000 0.000000 0.000000 1.000000
0.996311 0.022720 0.082759 0.000000 -0.014739 0.995292 -0.095798 10.181600 -0.084546 0.094225 0.991954 0.131500 0.000000 0.000000 0.000000 1.000000
0.996355 0.021260 0.082609 0.000000 -0.013168 0.995169 -0.097290 10.181600 -0.084279 0.095848 0.991822 0.131500 0.000000 0.000000 0.000000 1.000000
0.996399 0.020373 0.082309 0.000000 -0.012182 0.995030 -0.098827 10.181600 -0.083914 0.097468 0.991695 0.131500 0.000000 0.000000 0.000000 1.000000
0.996437 0.020053 0.081920 0.000000 -0.011768 0.994878 -0.100392 10.181600 -0.083513 0.099071 0.991570 0.131500 0.000000 0.000000 0.000000 1.000000
0.996474 0.020347 0.081396 0.000000 -0.011973 0.994705 -0.102072 10.181600 -0.083042 0.100737 0.991441 0.131500 0.000000 0.000000 0.000000 1.000000
0.996501 0.021597 0.080743 0.000000 -0.013131 0.994495 -0.103954 10.181600 -0.082544 0.102530 0.991299 0.131500 0.000000 0.000000 0.000000 1.000000
0.996502 0.023286 0.080260 0.000000 -0.014708 0.994272 -0.105864 10.181600 -0.082265 0.104313 0.991136 0.131500 0.000000 0.000000 0.000000 1.000000
0.996475 0.024706 0.080168 0.000000 -0.016009 0.994090 -0.107368 10.181600 -0.082347 0.105706 0.990982 0.131500 0.000000 0.000000 0.000000 1.000000
0.996443 0.025170 0.080428 -0.000000 -0.016390 0.994014 -0.108013 10.181600 -0.082665 0.106311 0.990891 0.131500 0.000000 0.000000 0.000000 1.000000
0.996426 0.024417 0.080860 0.000000 -0.015617 0.994058 -0.107723 10.181600 -0.083010 0.106075 0.990887 0.131500 0.000000 0.000000 0.000000 1.000000
0.996429 0.022865 0.081283 0.000000 -0.014092 0.994169 -0.106905 10.181600 -0.083254 0.105377 0.990941 0.131500 0.000000 0.000000 0.000000 1.000000
0.996445 0.021560 0.081441 0.000000 -0.012842 0.994273 -0.106092 10.181600 -0.083262 0.104669 0.991016 0.131500 0.000000 0.000000 0.000000 1.000000
0.996461 0.020821 0.081438 -0.000000 -0.012163 0.994356 -0.105396 10.181600 -0.083173 0.104032 0.991090 0.131500 0.000000 0.000000 0.000000 1.000000
0.996469 0.020421 0.081436 0.000000 -0.011839 0.994454 -0.104501 10.181600 -0.083118 0.103167 0.991185 0.131500 0.000000 0.000000 0.000000 1.000000
0.996476 0.019633 0.081547 0.000000 -0.011162 0.994612 -0.103064 10.181600 -0.083131 0.101790 0.991326 0.131500 0.000000 0.000000 0.000000 1.000000
0.996481 0.018179 0.081824 -0.000000 -0.009854 0.994835 -0.101024 10.181600 -0.083238 0.099862 0.991513 0.131500 0.000000 0.000000 0.000000 1.000000</float_array><technique_common><accessor source="#Spine-Matrix-animation-output-transform-array" count="32" stride="16"><param type="float4x4"/></accessor></technique_common></source><source id="Spine-Interpolations"><Name_array id="Spine-Interpolations-array" count="32">
 LINEAR LINEAR LINEAR LINEAR LINEAR LINEAR LINEAR LINEAR LINEAR LINEAR LINEAR
LINEAR LINEAR LINEAR LINEAR LINEAR LINEAR LINEAR LINEAR LINEAR LINEAR LINEAR LINEAR
LINEAR LINEAR LINEAR LINEAR LINEAR LINEAR LINEAR LINEAR LINEAR</Name_array><technique_common><accessor source="#Spine-Interpolations-array" count="32"><param type="name"/></accessor></technique_common></source><sampler id="Spine-Matrix-animation-transform"><input semantic="INPUT" source="#Spine-Matrix-animation-input"/><input semantic="OUTPUT" source="#Spine-Matrix-animation-output-transform"/><input semantic="INTERPOLATION" source="#Spine-Interpolations"/></sampler><channel source="#Spine-Matrix-animation-transform" target="Spine/matrix"/></animation>
    <animation id="Spine1-anim" name="Spine1"><source id="Spine1-Matrix-animation-input"><float_array id="Spine1-Matrix-animation-input-array" count="32">

0.000000 0.033333 0.066667 0.100000 0.133333 0.166667 0.200000 0.233333 0.266667 0.300000 0.333333 0.366667 0.400000 0.433333 0.466667 0.500000
0.533333 0.566667 0.600000 0.633333 0.666667 0.700000 0.733333 0.766667 0.800000 0.833333 0.866667 0.900000 0.933333 0.966667 1.000000 1.033333</float_array><technique_common><accessor source="#Spine1-Matrix-animation-input-array" count="32"><param name="TIME" type="float"/></accessor></technique_common></source><source id="Spine1-Matrix-animation-output-transform"><float_array id="Spine1-Matrix-animation-output-transform-array" count="512">

0.986155 0.053132 0.157083 0.000000 -0.020481 0.979053 -0.202574 10.083500 -0.164555 0.196552 0.966586 -1.000800 0.000000 0.000000 0.000000 1.000000
0.986067 0.049853 0.158704 0.000000 -0.017715 0.980082 -0.197800 10.083500 -0.165403 0.192232 0.967310 -1.000800 0.000000 0.000000 0.000000 1.000000
0.985928 0.046166 0.160667 0.000000 -0.014387 0.980978 -0.193586 10.083500 -0.166548 0.188551 0.967838 -1.000800 0.000000 0.000000 0.000000 1.000000
0.985744 0.042170 0.162880 0.000000 -0.010495 0.981607 -0.190626 10.083500 -0.167923 0.186199 0.968056 -1.000800 0.000000 0.000000 0.000000 1.000000
0.985555 0.038553 0.164912 0.000000 -0.006758 0.981922 -0.189167 10.083500 -0.169223 0.185320 0.967998 -1.000800 0.000000 0.000000 0.000000 1.000000
0.985425 0.036242 0.166207 -0.000000 -0.004287 0.982022 -0.188716 10.083500 -0.170059 0.185253 0.967864 -1.000800 0.000000 0.000000 0.000000 1.000000
0.985390 0.035670 0.166538 0.000000 -0.003696 0.982071 -0.188477 10.083500 -0.170275 0.185107 0.967854 -1.000800 0.000000 0.000000 0.000000 1.000000
0.985425 0.036626 0.166122 0.000000 -0.004815 0.982162 -0.187977 10.083500 -0.170044 0.184437 0.968023 -1.000800 0.000000 0.000000 0.000000 1.000000
0.985477 0.038705 0.165336 0.000000 -0.007143 0.982262 -0.187375 10.083500 -0.169656 0.183473 0.968274 -1.000800 0.000000 0.000000 0.000000 1.000000
0.985511 0.041773 0.164385 0.000000 -0.010429 0.982286 -0.187098 10.083500 -0.169288 0.182673 0.968490 -1.000800 0.000000 0.000000 0.000000 1.000000
0.985513 0.045959 0.163256 0.000000 -0.014799 0.982215 -0.187174 10.083500 -0.168954 0.182046 0.968666 -1.000800 0.000000 0.000000 0.000000 1.000000
0.985467 0.051264 0.161944 0.000000 -0.020323 0.982107 -0.187223 10.083500 -0.168644 0.181211 0.968876 -1.000800 0.000000 0.000000 0.000000 1.000000
0.985358 0.057273 0.160591 0.000000 -0.026578 0.981975 -0.187131 10.083500 -0.168414 0.180123 0.969119 -1.000800 0.000000 0.000000 0.000000 1.000000
0.985193 0.063231 0.159365 0.000000 -0.032694 0.981738 -0.187406 10.083500 -0.168304 0.179421 0.969269 -1.000800 0.000000 0.000000 0.000000 1.000000
0.985023 0.068329 0.158308 -0.000000 -0.037747 0.981311 -0.188688 10.083500 -0.168242 0.179887 0.969193 -1.000800 0.000000 0.000000 0.000000 1.000000
0.984920 0.071935 0.157350 -0.000000 -0.041101 0.980713 -0.191083 10.083500 -0.168060 0.181735 0.968880 -1.000800 0.000000 0.000000 0.000000 1.000000
0.984928 0.073769 0.156448 -0.000000 -0.042567 0.980051 -0.194134 10.083500 -0.167648 0.184549 0.968419 -1.000800 0.000000 0.000000 0.000000 1.000000
0.985036 0.074038 0.155633 0.000000 -0.042442 0.979422 -0.197308 10.083500 -0.167038 0.187750 0.967909 -1.000800 0.000000 0.000000 0.000000 1.000000
0.985196 0.073413 0.154920 -0.000000 -0.041433 0.978845 -0.200366 10.083500 -0.166352 0.190981 0.967395 -1.000800 0.000000 0.000000 0.000000 1.000000
0.985353 0.072740 0.154236 -0.000000 -0.040381 0.978266 -0.203382 10.083500 -0.165678 0.194175 0.966875 -1.000800 0.000000 0.000000 0.000000 1.000000
0.985480 0.072586 0.153494 0.000000 -0.039831 0.977619 -0.206580 10.083500 -0.165053 0.197467 0.966315 -1.000800 0.000000 0.000000 0.000000 1.000000
0.985571 0.072918 0.152753 -0.000000 -0.039715 0.976878 -0.210078 10.083500 -0.164539 0.200980 0.965678 -1.000800 0.000000 0.000000 0.000000 1.000000
0.985631 0.073139 0.152256 -0.000000 -0.039445 0.976135 -0.213554 10.083500 -0.164242 0.204480 0.964994 -1.000800 0.000000 0.000000 0.000000 1.000000
0.985678 0.072498 0.152257 0.000000 -0.038362 0.975598 -0.216188 10.083500 -0.164214 0.207251 0.964407 -1.000800 0.000000 0.000000 0.000000 1.000000
0.985732 0.070605 0.152798 0.000000 -0.036208 0.975465 -0.217156 10.083500 -0.164381 0.208525 0.964104 -1.000800 0.000000 0.000000 0.000000 1.000000
0.985800 0.067712 0.153664 -0.000000 -0.033294 0.975743 -0.216374 10.083500 -0.164587 0.208186 0.964142 -1.000800 0.000000 0.000000 0.000000 1.000000
0.985876 0.064560 0.154534 0.000000 -0.030281 0.976220 -0.214657 10.083500 -0.164717 0.206946 0.964387 -1.000800 0.000000 0.000000 0.000000 1.000000
0.985947 0.061840 0.155191 -0.000000 -0.027738 0.976668 -0.212958 10.083500 -0.164739 0.205660 0.964658 -1.000800 0.000000 0.000000 0.000000 1.000000
0.986010 0.059709 0.155622 0.000000 -0.025791 0.977046 -0.211462 10.083500 -0.164676 0.204490 0.964917 -1.000800 0.000000 0.000000 0.000000 1.000000
0.986069 0.057795 0.155976 0.000000 -0.024146 0.977499 -0.209552 10.083500 -0.164578 0.202867 0.965277 -1.000800 0.000000 0.000000 0.000000 1.000000
0.986120 0.055660 0.156429 0.000000 -0.022434 0.978164 -0.206622 10.083500 -0.164514 0.200244 0.965835 -1.000800 0.000000 0.000000 0.000000 1.000000
0.986155 0.053132 0.157083 0.000000 -0.020481 0.979053 -0.202574 10.083500 -0.164556 0.196552 0.966586 -1.000800 0.000000 0.000000 0.000000 1.000000</float_array><technique_common><accessor source="#Spine1-Matrix-animation-output-transform-array" count="32" stride="16"><param type="float4x4"/></accessor></technique_common></source><source id="Spine1-Interpolations"><Name_array id="Spine1-Interpolations-array" count="32">
 LINEAR LINEAR LINEAR LINEAR LINEAR LINEAR LINEAR LINEAR LINEAR LINEAR LINEAR
LINEAR LINEAR LINEAR LINEAR LINEAR LINEAR LINEAR LINEAR LINEAR LINEAR LINEAR LINEAR
LINEAR LINEAR LINEAR LINEAR LINEAR LINEAR LINEAR LINEAR LINEAR</Name_array><technique_common><accessor source="#Spine1-Interpolations-array" count="32"><param type="name"/></accessor></technique_common></source><sampler id="Spine1-Matrix-animation-transform"><input semantic="INPUT" source="#Spine1-Matrix-animation-input"/><input semantic="OUTPUT" source="#Spine1-Matrix-animation-output-transform"/><input semantic="INTERPOLATION" source="#Spine1-Interpolations"/></sampler><channel source="#Spine1-Matrix-animation-transform" target="Spine1/matrix"/></animation>
    <animation id="Spine2-anim" name="Spine2"><source id="Spine2-Matrix-animation-input"><float_array id="Spine2-Matrix-animation-input-array" count="32">

0.000000 0.033333 0.066667 0.100000 0.133333 0.166667 0.200000 0.233333 0.266667 0.300000 0.333333 0.366667 0.400000 0.433333 0.466667 0.500000
0.533333 0.566667 0.600000 0.633333 0.666667 0.700000 0.733333 0.766667 0.800000 0.833333 0.866667 0.900000 0.933333 0.966667 1.000000 1.033333</float_array><technique_common><accessor source="#Spine2-Matrix-animation-input-array" count="32"><param name="TIME" type="float"/></accessor></technique_common></source><source id="Spine2-Matrix-animation-output-transform"><float_array id="Spine2-Matrix-animation-output-transform-array" count="512">

0.986155 0.053132 0.157083 0.000000 -0.020481 0.979053 -0.202574 9.100000 -0.164556 0.196552 0.966586 -1.373400 0.000000 0.000000 0.000000 1.000000
0.986067 0.049853 0.158703 0.000000 -0.017715 0.980082 -0.197800 9.100000 -0.165403 0.192232 0.967310 -1.373400 0.000000 0.000000 0.000000 1.000000
0.985928 0.046166 0.160667 0.000000 -0.014387 0.980978 -0.193586 9.100000 -0.166548 0.188551 0.967838 -1.373400 0.000000 0.000000 0.000000 1.000000
0.985744 0.042170 0.162880 0.000000 -0.010495 0.981607 -0.190626 9.100000 -0.167923 0.186199 0.968056 -1.373400 0.000000 0.000000 0.000000 1.000000
0.985555 0.038553 0.164912 0.000000 -0.006758 0.981922 -0.189167 9.100000 -0.169223 0.185320 0.967998 -1.373400 0.000000 0.000000 0.000000 1.000000
0.985425 0.036242 0.166208 0.000000 -0.004287 0.982022 -0.188716 9.100000 -0.170059 0.185252 0.967864 -1.373400 0.000000 0.000000 0.000000 1.000000
0.985390 0.035670 0.166538 0.000000 -0.003696 0.982071 -0.188477 9.100000 -0.170275 0.185107 0.967854 -1.373400 0.000000 0.000000 0.000000 1.000000
0.985425 0.036626 0.166122 0.000000 -0.004815 0.982162 -0.187977 9.100000 -0.170043 0.184437 0.968023 -1.373400 0.000000 0.000000 0.000000 1.000000
0.985477 0.038705 0.165337 -0.000000 -0.007143 0.982262 -0.187375 9.100000 -0.169656 0.183473 0.968274 -1.373400 0.000000 0.000000 0.000000 1.000000
0.985511 0.041773 0.164384 0.000000 -0.010428 0.982286 -0.187098 9.100000 -0.169288 0.182673 0.968490 -1.373400 0.000000 0.000000 0.000000 1.000000
0.985513 0.045959 0.163255 0.000000 -0.014799 0.982215 -0.187174 9.100000 -0.168954 0.182046 0.968666 -1.373400 0.000000 0.000000 0.000000 1.000000
0.985467 0.051265 0.161944 0.000000 -0.020323 0.982107 -0.187223 9.100000 -0.168645 0.181211 0.968876 -1.373400 0.000000 0.000000 0.000000 1.000000
0.985358 0.057273 0.160591 0.000000 -0.026578 0.981975 -0.187131 9.100000 -0.168414 0.180123 0.969119 -1.373400 0.000000 0.000000 0.000000 1.000000
0.985193 0.063231 0.159365 -0.000000 -0.032694 0.981738 -0.187406 9.100000 -0.168305 0.179421 0.969269 -1.373400 0.000000 0.000000 0.000000 1.000000
0.985023 0.068329 0.158308 0.000000 -0.037747 0.981311 -0.188689 9.100000 -0.168242 0.179887 0.969193 -1.373400 0.000000 0.000000 0.000000 1.000000
0.984920 0.071935 0.157349 -0.000000 -0.041100 0.980713 -0.191083 9.100000 -0.168060 0.181735 0.968880 -1.373400 0.000000 0.000000 0.000000 1.000000
0.984928 0.073768 0.156447 -0.000000 -0.042567 0.980051 -0.194134 9.100000 -0.167647 0.184549 0.968419 -1.373400 0.000000 0.000000 0.000000 1.000000
0.985037 0.074038 0.155632 -0.000000 -0.042442 0.979422 -0.197308 9.100000 -0.167038 0.187750 0.967909 -1.373400 0.000000 0.000000 0.000000 1.000000
0.985196 0.073413 0.154920 -0.000000 -0.041433 0.978845 -0.200366 9.100000 -0.166352 0.190981 0.967395 -1.373400 0.000000 0.000000 0.000000 1.000000
0.985353 0.072740 0.154236 -0.000000 -0.040382 0.978266 -0.203382 9.100000 -0.165678 0.194174 0.966875 -1.373400 0.000000 0.000000 0.000000 1.000000
0.985480 0.072586 0.153494 0.000000 -0.039831 0.977619 -0.206581 9.100000 -0.165053 0.197467 0.966315 -1.373400 0.000000 0.000000 0.000000 1.000000
0.985571 0.072918 0.152753 0.000000 -0.039715 0.976878 -0.210078 9.100000 -0.164539 0.200980 0.965678 -1.373400 0.000000 0.000000 0.000000 1.000000
0.985631 0.073139 0.152256 0.000000 -0.039445 0.976135 -0.213554 9.100000 -0.164242 0.204480 0.964994 -1.373400 0.000000 0.000000 0.000000 1.000000
0.985678 0.072498 0.152257 0.000000 -0.038362 0.975598 -0.216188 9.100000 -0.164215 0.207251 0.964407 -1.373400 0.000000 0.000000 0.000000 1.000000
0.985732 0.070605 0.152798 -0.000000 -0.036208 0.975465 -0.217156 9.100000 -0.164381 0.208525 0.964104 -1.373400 0.000000 0.000000 0.000000 1.000000
0.985800 0.067712 0.153664 -0.000000 -0.033294 0.975743 -0.216374 9.100000 -0.164588 0.208186 0.964142 -1.373400 0.000000 0.000000 0.000000 1.000000
0.985876 0.064560 0.154534 -0.000000 -0.030281 0.976220 -0.214657 9.100000 -0.164717 0.206946 0.964387 -1.373400 0.000000 0.000000 0.000000 1.000000
0.985947 0.061840 0.155191 0.000000 -0.027738 0.976668 -0.212957 9.100000 -0.164739 0.205660 0.964658 -1.373400 0.000000 0.000000 0.000000 1.000000
0.986011 0.059709 0.155621 0.000000 -0.025791 0.977046 -0.211462 9.100000 -0.164675 0.204490 0.964917 -1.373400 0.000000 0.000000 0.000000 1.000000
0.986069 0.057795 0.155976 -0.000000 -0.024146 0.977499 -0.209552 9.100000 -0.164578 0.202866 0.965277 -1.373400 0.000000 0.000000 0.000000 1.000000
0.986120 0.055660 0.156430 0.000000 -0.022434 0.978164 -0.206622 9.100000 -0.164514 0.200245 0.965835 -1.373400 0.000000 0.000000 0.000000 1.000000
0.986155 0.053131 0.157083 0.000000 -0.020481 0.979053 -0.202574 9.100000 -0.164555 0.196552 0.966586 -1.373400 0.000000 0.000000 0.000000 1.000000</float_array><technique_common><accessor source="#Spine2-Matrix-animation-output-transform-array" count="32" stride="16"><param type="float4x4"/></accessor></technique_common></source><source id="Spine2-Interpolations"><Name_array id="Spine2-Interpolations-array" count="32">
 LINEAR LINEAR LINEAR LINEAR LINEAR LINEAR LINEAR LINEAR LINEAR LINEAR LINEAR
LINEAR LINEAR LINEAR LINEAR LINEAR LINEAR LINEAR LINEAR LINEAR LINEAR LINEAR LINEAR
LINEAR LINEAR LINEAR LINEAR LINEAR LINEAR LINEAR LINEAR LINEAR</Name_array><technique_common><accessor source="#Spine2-Interpolations-array" count="32"><param type="name"/></accessor></technique_common></source><sampler id="Spine2-Matrix-animation-transform"><input semantic="INPUT" source="#Spine2-Matrix-animation-input"/><input semantic="OUTPUT" source="#Spine2-Matrix-animation-output-transform"/><input semantic="INTERPOLATION" source="#Spine2-Interpolations"/></sampler><channel source="#Spine2-Matrix-animation-transform" target="Spine2/matrix"/></animation>
    <animation id="Neck-anim" name="Neck"><source id="Neck-Matrix-animation-input"><float_array id="Neck-Matrix-animation-input-array" count="32">

0.000000 0.033333 0.066667 0.100000 0.133333 0.166667 0.200000 0.233333 0.266667 0.300000 0.333333 0.366667 0.400000 0.433333 0.466667 0.500000
0.533333 0.566667 0.600000 0.633333 0.666667 0.700000 0.733333 0.766667 0.800000 0.833333 0.866667 0.900000 0.933333 0.966667 1.000000 1.033333</float_array><technique_common><accessor source="#Neck-Matrix-animation-input-array" count="32"><param name="TIME" type="float"/></accessor></technique_common></source><source id="Neck-Matrix-animation-output-transform"><float_array id="Neck-Matrix-animation-output-transform-array" count="512">

0.999747 -0.003600 -0.022215 -0.000000 0.005257 0.997169 0.075014 16.671700 0.021882 -0.075112 0.996935 -2.516200 0.000000 0.000000 0.000000 1.000000
0.999966 0.003323 -0.007564 -0.000000 -0.002672 0.996421 0.084490 16.671700 0.007818 -0.084467 0.996396 -2.516200 0.000000 0.000000 0.000000 1.000000
0.999866 0.015982 0.003656 0.000000 -0.016274 0.994572 0.102772 16.671700 -0.001994 -0.102817 0.994698 -2.516200 0.000000 0.000000 0.000000 1.000000
0.999323 0.035087 0.011087 0.000000 -0.036215 0.991180 0.127475 16.671700 -0.006517 -0.127790 0.991780 -2.516200 0.000000 0.000000 0.000000 1.000000
0.998232 0.057737 0.014149 -0.000000 -0.059215 0.986725 0.151218 16.671700 -0.005230 -0.151789 0.988399 -2.516200 0.000000 0.000000 0.000000 1.000000
0.996870 0.078140 0.012057 0.000000 -0.079058 0.983184 0.164620 16.671700 0.001009 -0.165058 0.986283 -2.516200 0.000000 0.000000 0.000000 1.000000
0.995787 0.091582 0.004561 -0.000000 -0.091097 0.982396 0.163093 16.671700 0.010456 -0.162821 0.986600 -2.516200 0.000000 0.000000 0.000000 1.000000
0.995277 0.096815 -0.007126 0.000000 -0.094664 0.984182 0.149746 16.671700 0.021511 -0.148364 0.988699 -2.516200 0.000000 0.000000 0.000000 1.000000
0.995227 0.095358 -0.020731 0.000000 -0.091816 0.986978 0.132077 16.671700 0.033056 -0.129543 0.991023 -2.516200 0.000000 0.000000 0.000000 1.000000
0.995361 0.089959 -0.034121 -0.000000 -0.085450 0.989544 0.116194 16.671700 0.044217 -0.112739 0.992640 -2.516200 0.000000 0.000000 0.000000 1.000000
0.995396 0.084146 -0.045894 0.000000 -0.078995 0.991396 0.104377 16.671700 0.054282 -0.100271 0.993478 -2.516200 0.000000 0.000000 0.000000 1.000000
0.995118 0.081806 -0.055207 -0.000000 -0.076207 0.992376 0.096864 16.671700 0.062710 -0.092184 0.993765 -2.516200 0.000000 0.000000 0.000000 1.000000
0.994434 0.085518 -0.061540 -0.000000 -0.079561 0.992437 0.093487 16.671700 0.069070 -0.088070 0.993717 -2.516200 0.000000 0.000000 0.000000 1.000000
0.993372 0.094984 -0.064737 0.000000 -0.088770 0.991708 0.092921 16.671700 0.073026 -0.086558 0.993567 -2.516200 0.000000 0.000000 0.000000 1.000000
0.992079 0.107407 -0.065134 -0.000000 -0.101184 0.990577 0.092298 16.671700 0.074433 -0.084977 0.993599 -2.516200 0.000000 0.000000 0.000000 1.000000
0.990834 0.119120 -0.063701 0.000000 -0.113210 0.989532 0.089496 16.671700 0.073695 -0.081465 0.993948 -2.516200 0.000000 0.000000 0.000000 1.000000
0.990002 0.126692 -0.062011 0.000000 -0.121194 0.988932 0.085587 16.671700 0.072168 -0.077216 0.994399 -2.516200 0.000000 0.000000 0.000000 1.000000
0.989918 0.127482 -0.061729 -0.000000 -0.122121 0.988955 0.083985 16.671700 0.071754 -0.075600 0.994553 -2.516200 0.000000 0.000000 0.000000 1.000000
0.990656 0.120512 -0.063851 -0.000000 -0.114771 0.989572 0.087033 16.671700 0.073674 -0.078892 0.994157 -2.516200 0.000000 0.000000 0.000000 1.000000
0.991890 0.107192 -0.068293 0.000000 -0.100580 0.990494 0.093839 16.671700 0.077702 -0.086209 0.993242 -2.516200 0.000000 0.000000 0.000000 1.000000
0.993112 0.090783 -0.074070 0.000000 -0.083067 0.991379 0.101328 16.671700 0.082630 -0.094477 0.992092 -2.516200 0.000000 0.000000 0.000000 1.000000
0.994017 0.074751 -0.079646 -0.000000 -0.066045 0.992082 0.106828 16.671700 0.087001 -0.100929 0.991082 -2.516200 0.000000 0.000000 0.000000 1.000000
0.994643 0.061347 -0.083201 -0.000000 -0.052053 0.992611 0.109607 16.671700 0.089310 -0.104689 0.990487 -2.516200 0.000000 0.000000 0.000000 1.000000
0.995226 0.051106 -0.083141 0.000000 -0.041758 0.992995 0.110530 16.671700 0.088207 -0.106531 0.990389 -2.516200 0.000000 0.000000 0.000000 1.000000
0.995951 0.043016 -0.078932 0.000000 -0.034128 0.993269 0.110693 16.671700 0.083162 -0.107551 0.990715 -2.516200 0.000000 0.000000 0.000000 1.000000
0.996817 0.035227 -0.071515 0.000000 -0.027198 0.993527 0.110292 16.671700 0.074937 -0.107996 0.991323 -2.516200 0.000000 0.000000 0.000000 1.000000
0.997686 0.026369 -0.062670 -0.000000 -0.019463 0.993922 0.108355 16.671700 0.065146 -0.106884 0.992135 -2.516200 0.000000 0.000000 0.000000 1.000000
0.998411 0.016770 -0.053805 0.000000 -0.011135 0.994580 0.103378 16.671700 0.055247 -0.102615 0.993186 -2.516200 0.000000 0.000000 0.000000 1.000000
0.998937 0.008230 -0.045356 0.000000 -0.003893 0.995481 0.094882 16.671700 0.045931 -0.094604 0.994455 -2.516200 0.000000 0.000000 0.000000 1.000000
0.999304 0.002274 -0.037234 0.000000 0.000896 0.996388 0.084909 16.671700 0.037292 -0.084883 0.995693 -2.516200 0.000000 0.000000 0.000000 1.000000
0.999565 -0.001234 -0.029452 0.000000 0.003507 0.997008 0.077223 16.671700 0.029269 -0.077292 0.996579 -2.516200 0.000000 0.000000 0.000000 1.000000
0.999747 -0.003600 -0.022215 0.000000 0.005257 0.997169 0.075013 16.671700 0.021882 -0.075111 0.996935 -2.516200 0.000000 0.000000 0.000000 1.000000</float_array><technique_common><accessor source="#Neck-Matrix-animation-output-transform-array" count="32" stride="16"><param type="float4x4"/></accessor></technique_common></source><source id="Neck-Interpolations"><Name_array id="Neck-Interpolations-array" count="32">
 LINEAR LINEAR LINEAR LINEAR LINEAR LINEAR LINEAR LINEAR LINEAR LINEAR LINEAR
LINEAR LINEAR LINEAR LINEAR LINEAR LINEAR LINEAR LINEAR LINEAR LINEAR LINEAR LINEAR
LINEAR LINEAR LINEAR LINEAR LINEAR LINEAR LINEAR LINEAR LINEAR</Name_array><technique_common><accessor source="#Neck-Interpolations-array" count="32"><param type="name"/></accessor></technique_common></source><sampler id="Neck-Matrix-animation-transform"><input semantic="INPUT" source="#Neck-Matrix-animation-input"/><input semantic="OUTPUT" source="#Neck-Matrix-animation-output-transform"/><input semantic="INTERPOLATION" source="#Neck-Interpolations"/></sampler><channel source="#Neck-Matrix-animation-transform" target="Neck/matrix"/></animation>
    <animation id="Head-anim" name="Head"><source id="Head-Matrix-animation-input"><float_array id="Head-Matrix-animation-input-array" count="32">

0.000000 0.033333 0.066667 0.100000 0.133333 0.166667 0.200000 0.233333 0.266667 0.300000 0.333333 0.366667 0.400000 0.433333 0.466667 0.500000
0.533333 0.566667 0.600000 0.633333 0.666667 0.700000 0.733333 0.766667 0.800000 0.833333 0.866667 0.900000 0.933333 0.966667 1.000000 1.033333</float_array><technique_common><accessor source="#Head-Matrix-animation-input-array" count="32"><param name="TIME" type="float"/></accessor></technique_common></source><source id="Head-Matrix-animation-output-transform"><float_array id="Head-Matrix-animation-output-transform-array" count="512">

0.937032 0.006168 0.349190 -0.000000 -0.044691 0.993742 0.102370 9.617900 -0.346373 -0.111530 0.931443 1.685000 0.000000 0.000000 0.000000 1.000000
0.938339 0.010309 0.345563 0.000000 -0.044000 0.994988 0.089794 9.617900 -0.342906 -0.099462 0.934089 1.685000 0.000000 0.000000 0.000000 1.000000
0.949579 0.014276 0.313202 -0.000000 -0.038650 0.996673 0.071754 9.617900 -0.311136 -0.080241 0.946972 1.685000 0.000000 0.000000 0.000000 1.000000
0.966639 0.015349 0.255680 0.000000 -0.029696 0.998187 0.052346 9.617900 -0.254414 -0.058192 0.965343 1.685000 0.000000 0.000000 0.000000 1.000000
0.983717 0.015036 0.179096 -0.000000 -0.021731 0.999134 0.035476 9.617900 -0.178408 -0.038790 0.983192 1.685000 0.000000 0.000000 0.000000 1.000000
0.995619 0.018137 0.091728 -0.000000 -0.020421 0.999503 0.024025 9.617900 -0.091247 -0.025793 0.995494 1.685000 0.000000 0.000000 0.000000 1.000000
0.999618 0.027611 0.001454 0.000000 -0.027633 0.999445 0.018595 9.617900 -0.000940 -0.018628 0.999826 1.685000 0.000000 0.000000 0.000000 1.000000
0.995468 0.042018 -0.085313 0.000000 -0.040695 0.999024 0.017192 9.617900 0.085952 -0.013642 0.996206 1.685000 0.000000 0.000000 0.000000 1.000000
0.984922 0.057601 -0.163125 -0.000000 -0.055479 0.998306 0.017539 9.617900 0.163859 -0.008225 0.986449 1.685000 0.000000 0.000000 0.000000 1.000000
0.971260 0.071006 -0.227182 -0.000000 -0.068360 0.997470 0.019505 9.617900 0.227992 -0.003414 0.973657 1.685000 0.000000 0.000000 0.000000 1.000000
0.958542 0.079167 -0.273734 0.000000 -0.075536 0.996859 0.023794 9.617900 0.274758 -0.002130 0.961511 1.685000 0.000000 0.000000 0.000000 1.000000
0.950697 0.078400 -0.300048 0.000000 -0.073001 0.996905 0.029180 9.617900 0.301407 -0.005838 0.953478 1.685000 0.000000 0.000000 0.000000 1.000000
0.950562 0.065959 -0.303449 -0.000000 -0.058100 0.997702 0.034866 9.617900 0.305051 -0.015512 0.952210 1.685000 0.000000 0.000000 0.000000 1.000000
0.956947 0.044749 -0.286791 0.000000 -0.033879 0.998511 0.042754 9.617900 0.288278 -0.031197 0.957039 1.685000 0.000000 0.000000 0.000000 1.000000
0.966793 0.021553 -0.254650 -0.000000 -0.007336 0.998367 0.056645 9.617900 0.255456 -0.052896 0.965373 1.685000 0.000000 0.000000 0.000000 1.000000
0.977327 0.002598 -0.211721 0.000000 0.014331 0.996820 0.078388 9.617900 0.211251 -0.079645 0.974181 1.685000 0.000000 0.000000 0.000000 1.000000
0.986395 -0.009023 -0.164147 0.000000 0.026387 0.994236 0.103913 9.617900 0.162264 -0.106831 0.980947 1.685000 0.000000 0.000000 0.000000 1.000000
0.992742 -0.013125 -0.119543 0.000000 0.028204 0.991713 0.125336 9.617900 0.116907 -0.127798 0.984886 1.685000 0.000000 0.000000 0.000000 1.000000
0.996430 -0.011257 -0.083672 0.000000 0.022698 0.990301 0.137069 9.617900 0.081317 -0.138479 0.987021 1.685000 0.000000 0.000000 0.000000 1.000000
0.998837 -0.008696 -0.047421 0.000000 0.015383 0.989674 0.142512 9.617900 0.045692 -0.143076 0.988656 1.685000 0.000000 0.000000 0.000000 1.000000
0.999929 -0.006911 -0.009729 0.000000 0.008250 0.989378 0.145134 9.617900 0.008622 -0.145204 0.989364 1.685000 0.000000 0.000000 0.000000 1.000000
0.999570 -0.005873 0.028732 -0.000000 0.001591 0.989162 0.146823 9.617900 -0.029283 -0.146714 0.988745 1.685000 0.000000 0.000000 0.000000 1.000000
0.997687 -0.005492 0.067751 0.000000 -0.004543 0.989114 0.147084 9.617900 -0.067821 -0.147051 0.986801 1.685000 0.000000 0.000000 0.000000 1.000000
0.994199 -0.005888 0.107398 -0.000000 -0.009700 0.989522 0.144053 9.617900 -0.107121 -0.144259 0.983725 1.685000 0.000000 0.000000 0.000000 1.000000
0.989017 -0.006886 0.147641 -0.000000 -0.013532 0.990500 0.136845 9.617900 -0.147180 -0.137340 0.979528 1.685000 0.000000 0.000000 0.000000 1.000000
0.982142 -0.007513 0.187990 0.000000 -0.016727 0.991759 0.127023 9.617900 -0.187395 -0.127900 0.973922 1.685000 0.000000 0.000000 0.000000 1.000000
0.973791 -0.006449 0.227353 -0.000000 -0.020940 0.992810 0.117852 9.617900 -0.226478 -0.119524 0.966655 1.685000 0.000000 0.000000 0.000000 1.000000
0.964497 -0.003200 0.264076 -0.000000 -0.027397 0.993319 0.112104 9.617900 -0.262670 -0.115358 0.957965 1.685000 0.000000 0.000000 0.000000 1.000000
0.955132 0.001222 0.296178 0.000000 -0.035445 0.993277 0.110205 9.617900 -0.294052 -0.115758 0.948754 1.685000 0.000000 0.000000 0.000000 1.000000
0.946807 0.004909 0.321765 0.000000 -0.042507 0.993030 0.109929 9.617900 -0.318983 -0.117759 0.940416 1.685000 0.000000 0.000000 0.000000 1.000000
0.940545 0.006573 0.339607 0.000000 -0.045967 0.993079 0.108083 9.617900 -0.336546 -0.117267 0.934337 1.685000 0.000000 0.000000 0.000000 1.000000
0.937032 0.006168 0.349190 0.000000 -0.044690 0.993742 0.102371 9.617900 -0.346373 -0.111530 0.931443 1.685000 0.000000 0.000000 0.000000 1.000000</float_array><technique_common><accessor source="#Head-Matrix-animation-output-transform-array" count="32" stride="16"><param type="float4x4"/></accessor></technique_common></source><source id="Head-Interpolations"><Name_array id="Head-Interpolations-array" count="32">
 LINEAR LINEAR LINEAR LINEAR LINEAR LINEAR LINEAR LINEAR LINEAR LINEAR LINEAR
LINEAR LINEAR LINEAR LINEAR LINEAR LINEAR LINEAR LINEAR LINEAR LINEAR LINEAR LINEAR
LINEAR LINEAR LINEAR LINEAR LINEAR LINEAR LINEAR LINEAR LINEAR</Name_array><technique_common><accessor source="#Head-Interpolations-array" count="32"><param type="name"/></accessor></technique_common></source><sampler id="Head-Matrix-animation-transform"><input semantic="INPUT" source="#Head-Matrix-animation-input"/><input semantic="OUTPUT" source="#Head-Matrix-animation-output-transform"/><input semantic="INTERPOLATION" source="#Head-Interpolations"/></sampler><channel source="#Head-Matrix-animation-transform" target="Head/matrix"/></animation>
    <animation id="LeftShoulder-anim" name="LeftShoulder"><source id="LeftShoulder-Matrix-animation-input"><float_array id="LeftShoulder-Matrix-animation-input-array" count="32">

0.000000 0.033333 0.066667 0.100000 0.133333 0.166667 0.200000 0.233333 0.266667 0.300000 0.333333 0.366667 0.400000 0.433333 0.466667 0.500000
