<?xml version="1.0" encoding="utf-8"?>
<COLLADA xmlns="http://www.collada.org/2005/11/COLLADASchema" version="1.4.1">
  <asset><contributor><author>Mixamo</author><authoring_tool>COLLADA Mixamo exporter</authoring_tool><comments></comments></contributor><created>2018-11-01T19:32:30Z</created><modified>2018-11-01T19:32:30Z</modified><revision></revision><title></title><unit meter="0.010000"/><up_axis>Y_UP</up_axis></asset>
  <library_animations>
    <animation id="Hips-anim" name="Hips"><source id="Hips-Matrix-animation-input"><float_array id="Hips-Matrix-animation-input-array" count="22">

0.000000 0.033333 0.066667 0.100000 0.133333 0.166667 0.200000 0.233333 0.266667 0.300000 0.333333 0.366667 0.400000 0.433333 0.466667 0.500000
0.533333 0.566667 0.600000 0.633333 0.666667 0.700000</float_array><technique_common><accessor source="#Hips-Matrix-animation-input-array" count="22"><param name="TIME" type="float"/></accessor></technique_common></source><source id="Hips-Matrix-animation-output-transform"><float_array id="Hips-Matrix-animation-output-transform-array" count="352">

0.996026 -0.068064 -0.057433 -0.006992 0.046151 0.946028 -0.320782 86.160782 0.076167 0.316857 0.945410 1.852111 0.000000 0.000000 0.000000 1.000000
0.996879 -0.063492 -0.046915 -0.234689 0.045975 0.950017 -0.308795 89.662376 0.064176 0.305674 0.949971 11.663246 0.000000 0.000000 0.000000 1.000000
0.994957 -0.098194 -0.020465 -0.507647 0.088021 0.952582 -0.291272 92.251289 0.048096 0.288002 0.956421 21.263554 0.000000 0.000000 0.000000 1.000000
0.988273 -0.151554 0.018631 -0.973400 0.150915 0.950885 -0.270264 94.283279 0.023243 0.269906 0.962606 30.796036 0.000000 0.000000 0.000000 1.000000
0.990792 -0.133625 0.021792 -1.436889 0.134211 0.948165 -0.288047 96.740234 0.017828 0.288320 0.957368 40.958523 0.000000 0.000000 0.000000 1.000000
0.998902 -0.046710 -0.003481 -1.771093 0.043895 0.959451 -0.278436 97.963760 0.016345 0.277978 0.960448 52.302807 0.000000 0.000000 0.000000 1.000000
0.999814 0.009344 -0.016868 -2.082955 -0.013152 0.970156 -0.242124 97.178635 0.014102 0.242301 0.970099 63.006004 0.000000 0.000000 0.000000 1.000000
0.999992 -0.001114 -0.003912 -2.429395 0.000238 0.976141 -0.217135 95.483841 0.004061 0.217133 0.976134 72.643600 0.000000 0.000000 0.000000 1.000000
0.999982 -0.005452 -0.002299 -2.512220 0.004780 0.973401 -0.229059 92.021469 0.003487 0.229044 0.973410 82.342590 0.000000 0.000000 0.000000 1.000000
0.999779 -0.021012 0.000724 -2.587018 0.020477 0.965330 -0.260229 88.889877 0.004769 0.260186 0.965547 91.306381 0.000000 0.000000 0.000000 1.000000
0.999420 -0.034042 0.000863 -2.864696 0.032930 0.959701 -0.279088 87.023544 0.008672 0.278954 0.960265 100.682663 0.000000 0.000000 0.000000 1.000000
0.999212 -0.039437 -0.004541 -2.820962 0.036456 0.956860 -0.288254 86.872513 0.015713 0.287861 0.957543 111.393478 0.000000 0.000000 0.000000 1.000000
0.999343 -0.027519 -0.023601 -2.457249 0.019695 0.958665 -0.283853 88.061256 0.030437 0.283202 0.958577 123.717072 0.000000 0.000000 0.000000 1.000000
0.997536 0.062591 -0.031693 -1.979821 -0.069038 0.956145 -0.284642 88.930275 0.012487 0.286129 0.958110 135.835739 0.000000 0.000000 0.000000 1.000000
0.993196 0.112290 -0.030875 -1.769299 -0.116354 0.945667 -0.303603 90.543037 -0.004894 0.305130 0.952298 147.866486 0.000000 0.000000 0.000000 1.000000
0.993251 0.111611 -0.031561 -1.709330 -0.115857 0.941804 -0.315566 92.252785 -0.005497 0.317093 0.948379 159.797668 0.000000 0.000000 0.000000 1.000000
0.997810 0.054964 -0.036811 -1.519402 -0.063532 0.951264 -0.301762 93.189621 0.018431 0.303440 0.952672 171.887009 0.000000 0.000000 0.000000 1.000000
0.999178 0.017683 -0.036480 -0.803987 -0.027257 0.959136 -0.281630 91.099144 0.030009 0.282393 0.958829 183.240387 0.000000 0.000000 0.000000 1.000000
0.998381 -0.031132 -0.047601 -0.228035 0.016321 0.958516 -0.284571 86.905563 0.054486 0.283334 0.957472 194.480881 0.000000 0.000000 0.000000 1.000000
0.997285 -0.043555 -0.059379 0.214683 0.023006 0.950255 -0.310622 83.778061 0.069955 0.308412 0.948677 204.344635 0.000000 0.000000 0.000000 1.000000
0.996499 -0.054477 -0.063427 0.467081 0.031083 0.945606 -0.323826 82.855721 0.077618 0.320721 0.943988 214.267761 0.000000 0.000000 0.000000 1.000000
0.996037 -0.065286 -0.060397 0.224725 0.042209 0.944733 -0.325111 84.442665 0.078284 0.321274 0.943745 225.244690 0.000000 0.000000 0.000000 1.000000</float_array><technique_common><accessor source="#Hips-Matrix-animation-output-transform-array" count="22" stride="16"><param type="float4x4"/></accessor></technique_common></source><source id="Hips-Interpolations"><Name_array id="Hips-Interpolations-array" count="22">
 LINEAR LINEAR LINEAR LINEAR LINEAR LINEAR LINEAR LINEAR LINEAR LINEAR LINEAR
LINEAR LINEAR LINEAR LINEAR LINEAR LINEAR LINEAR LINEAR LINEAR LINEAR LINEAR</Name_array><technique_common><accessor source="#Hips-Interpolations-array" count="22"><param type="name"/></accessor></technique_common></source><sampler id="Hips-Matrix-animation-transform"><input semantic="INPUT" source="#Hips-Matrix-animation-input"/><input semantic="OUTPUT" source="#Hips-Matrix-animation-output-transform"/><input semantic="INTERPOLATION" source="#Hips-Interpolations"/></sampler><channel source="#Hips-Matrix-animation-transform" target="Hips/matrix"/></animation>
    <animation id="Spine-anim" name="Spine"><source id="Spine-Matrix-animation-input"><float_array id="Spine-Matrix-animation-input-array" count="22">

0.000000 0.033333 0.066667 0.100000 0.133333 0.166667 0.200000 0.233333 0.266667 0.300000 0.333333 0.366667 0.400000 0.433333 0.466667 0.500000
0.533333 0.566667 0.600000 0.633333 0.666667 0.700000</float_array><technique_common><accessor source="#Spine-Matrix-animation-input-array" count="22"><param name="TIME" type="float"/></accessor></technique_common></source><source id="Spine-Matrix-animation-output-transform"><float_array id="Spine-Matrix-animation-output-transform-array" count="352">

0.998259 0.006808 0.058586 -0.000000 -0.002582 0.997408 -0.071907 10.181600 -0.058923 0.071630 0.995689 0.131500 0.000000 0.000000 0.000000 1.000000
0.995648 0.006311 0.092977 0.000000 -0.000083 0.997764 -0.066834 10.181600 -0.093190 0.066536 0.993423 0.131500 0.000000 0.000000 0.000000 1.000000
0.993235 0.048306 0.105593 0.000000 -0.040598 0.996434 -0.073964 10.181600 -0.108789 0.069177 0.991655 0.131500 0.000000 0.000000 0.000000 1.000000
0.987438 0.116976 0.106222 0.000000 -0.107889 0.990295 -0.087614 10.181600 -0.115439 0.075053 0.990475 0.131500 0.000000 0.000000 0.000000 1.000000
0.985715 0.119780 0.118401 0.000000 -0.111539 0.991004 -0.073957 10.181600 -0.126194 0.059695 0.990208 0.131500 0.000000 0.000000 0.000000 1.000000
0.989380 0.049602 0.136624 0.000000 -0.041089 0.997075 -0.064437 10.181600 -0.139420 0.058139 0.988525 0.131500 0.000000 0.000000 0.000000 1.000000
0.990941 0.011477 0.133805 0.000000 -0.001044 0.996969 -0.077788 10.181600 -0.134292 0.076943 0.987950 0.131500 0.000000 0.000000 0.000000 1.000000
0.995055 0.038572 0.091533 0.000000 -0.029462 0.994663 -0.098878 10.181600 -0.094858 0.095692 0.990881 0.131500 0.000000 0.000000 0.000000 1.000000
0.996900 0.050860 0.060025 -0.000000 -0.045340 0.994911 -0.089984 10.181600 -0.064297 0.086983 0.994133 0.131500 0.000000 0.000000 0.000000 1.000000
0.996665 0.072623 0.037203 0.000000 -0.069173 0.993816 -0.086861 10.181600 -0.043281 0.083998 0.995526 0.131500 0.000000 0.000000 0.000000 1.000000
0.995571 0.092744 0.015417 -0.000000 -0.091030 0.991899 -0.088598 10.181600 -0.023509 0.086802 0.995948 0.131500 0.000000 0.000000 0.000000 1.000000
0.995068 0.097295 -0.019312 0.000000 -0.098499 0.992193 -0.076498 10.181600 0.011719 0.078023 0.996883 0.131500 0.000000 0.000000 0.000000 1.000000
0.995705 0.076570 -0.052051 0.000000 -0.079864 0.994719 -0.064469 10.181600 0.046839 0.068349 0.996561 0.131500 0.000000 0.000000 0.000000 1.000000
0.995746 -0.031781 -0.086482 0.000000 0.026591 0.997813 -0.060518 10.181600 0.088216 0.057961 0.994414 0.131500 0.000000 0.000000 0.000000 1.000000
0.988024 -0.096928 -0.120059 0.000000 0.090459 0.994197 -0.058224 10.181600 0.125006 0.046666 0.991058 0.131500 0.000000 0.000000 0.000000 1.000000
0.985537 -0.109995 -0.128909 0.000000 0.102485 0.992704 -0.063529 10.181600 0.134957 0.049399 0.989619 0.131500 0.000000 0.000000 0.000000 1.000000
0.991728 -0.066150 -0.109997 0.000000 0.058884 0.995943 -0.068039 10.181600 0.114051 0.060999 0.991600 0.131500 0.000000 0.000000 0.000000 1.000000
0.993248 -0.060159 -0.099197 0.000000 0.052647 0.995664 -0.076684 10.181600 0.103381 0.070944 0.992109 0.131500 0.000000 0.000000 0.000000 1.000000
0.996649 -0.035229 -0.073828 0.000000 0.029993 0.997035 -0.070870 10.181600 0.076106 0.068418 0.994750 0.131500 0.000000 0.000000 0.000000 1.000000
0.998600 -0.033285 -0.041104 0.000000 0.030368 0.997107 -0.069678 10.181600 0.043305 0.068332 0.996722 0.131500 0.000000 0.000000 0.000000 1.000000
0.999686 -0.023478 -0.008803 0.000000 0.022764 0.997002 -0.073955 10.181600 0.010512 0.073732 0.997223 0.131500 0.000000 0.000000 0.000000 1.000000
0.999404 -0.002042 0.034474 0.000000 0.004554 0.997326 -0.072945 10.181600 -0.034233 0.073058 0.996740 0.131500 0.000000 0.000000 0.000000 1.000000</float_array><technique_common><accessor source="#Spine-Matrix-animation-output-transform-array" count="22" stride="16"><param type="float4x4"/></accessor></technique_common></source><source id="Spine-Interpolations"><Name_array id="Spine-Interpolations-array" count="22">
 LINEAR LINEAR LINEAR LINEAR LINEAR LINEAR LINEAR LINEAR LINEAR LINEAR LINEAR
LINEAR LINEAR LINEAR LINEAR LINEAR LINEAR LINEAR LINEAR LINEAR LINEAR LINEAR</Name_array><technique_common><accessor source="#Spine-Interpolations-array" count="22"><param type="name"/></accessor></technique_common></source><sampler id="Spine-Matrix-animation-transform"><input semantic="INPUT" source="#Spine-Matrix-animation-input"/><input semantic="OUTPUT" source="#Spine-Matrix-animation-output-transform"/><input semantic="INTERPOLATION" source="#Spine-Interpolations"/></sampler><channel source="#Spine-Matrix-animation-transform" target="Spine/matrix"/></animation>
    <animation id="Spine1-anim" name="Spine1"><source id="Spine1-Matrix-animation-input"><float_array id="Spine1-Matrix-animation-input-array" count="22">

0.000000 0.033333 0.066667 0.100000 0.133333 0.166667 0.200000 0.233333 0.266667 0.300000 0.333333 0.366667 0.400000 0.433333 0.466667 0.500000
0.533333 0.566667 0.600000 0.633333 0.666667 0.700000</float_array><technique_common><accessor source="#Spine1-Matrix-animation-input-array" count="22"><param name="TIME" type="float"/></accessor></technique_common></source><source id="Spine1-Matrix-animation-output-transform"><float_array id="Spine1-Matrix-animation-output-transform-array" count="352">

0.999027 -0.011806 0.042496 0.000000 0.014080 0.998463 -0.053610 10.083500 -0.041798 0.054156 0.997657 -1.000800 0.000000 0.000000 0.000000 1.000000
0.998310 0.000501 0.058119 -0.000000 0.002536 0.998635 -0.052165 10.083500 -0.058066 0.052224 0.996946 -1.000800 0.000000 0.000000 0.000000 1.000000
0.997914 0.009009 0.063922 0.000000 -0.005458 0.998443 -0.055516 10.083500 -0.064323 0.055051 0.996409 -1.000800 0.000000 0.000000 0.000000 1.000000
0.997944 0.017740 0.061590 -0.000000 -0.013976 0.998039 -0.061010 10.083500 -0.062551 0.060024 0.996235 -1.000800 0.000000 0.000000 0.000000 1.000000
0.997932 0.022186 0.060323 0.000000 -0.019163 0.998553 -0.050244 10.083500 -0.061350 0.048984 0.996914 -1.000800 0.000000 0.000000 0.000000 1.000000
0.997842 0.017507 0.063282 0.000000 -0.014792 0.998960 -0.043120 10.083500 -0.063972 0.042091 0.997064 -1.000800 0.000000 0.000000 0.000000 1.000000
0.997961 0.014325 0.062192 -0.000000 -0.011008 0.998515 -0.053361 10.083500 -0.062864 0.052568 0.996637 -1.000800 0.000000 0.000000 0.000000 1.000000
0.998450 0.018509 0.052491 0.000000 -0.014890 0.997539 -0.068508 10.083500 -0.053630 0.067620 0.996269 -1.000800 0.000000 0.000000 0.000000 1.000000
0.998953 0.024191 0.038817 0.000000 -0.021704 0.997761 -0.063268 10.083500 -0.040261 0.062359 0.997241 -1.000800 0.000000 0.000000 0.000000 1.000000
0.999156 0.029902 0.028158 0.000000 -0.028131 0.997722 -0.061314 10.083500 -0.029928 0.060470 0.997721 -1.000800 0.000000 0.000000 0.000000 1.000000
0.999365 0.030143 0.019016 0.000000 -0.028876 0.997550 -0.063714 10.083500 -0.020890 0.063125 0.997787 -1.000800 0.000000 0.000000 0.000000 1.000000
0.999796 0.019499 0.005247 0.000000 -0.019166 0.998163 -0.057473 10.083500 -0.006358 0.057361 0.998333 -1.000800 0.000000 0.000000 0.000000 1.000000
0.999959 0.000975 -0.008975 0.000000 -0.001428 0.998712 -0.050710 10.083500 0.008914 0.050720 0.998673 -1.000800 0.000000 0.000000 0.000000 1.000000
0.999525 -0.023450 -0.019987 0.000000 0.022471 0.998600 -0.047890 10.083500 0.021082 0.047418 0.998653 -1.000800 0.000000 0.000000 0.000000 1.000000
0.998816 -0.037705 -0.030728 0.000000 0.036316 0.998345 -0.044581 10.083500 0.032358 0.043413 0.998533 -1.000800 0.000000 0.000000 0.000000 1.000000
0.998446 -0.040128 -0.038670 -0.000000 0.038332 0.998200 -0.046134 10.083500 0.040451 0.044580 0.998187 -1.000800 0.000000 0.000000 0.000000 1.000000
0.998829 -0.032814 -0.035552 0.000000 0.031005 0.998253 -0.050302 10.083500 0.037141 0.049141 0.998101 -1.000800 0.000000 0.000000 0.000000 1.000000
0.999314 -0.028033 -0.024219 -0.000000 0.026684 0.998166 -0.054342 10.083500 0.025698 0.053658 0.998229 -1.000800 0.000000 0.000000 0.000000 1.000000
0.999510 -0.030109 -0.008524 0.000000 0.029647 0.998310 -0.049987 10.083500 0.010015 0.049709 0.998714 -1.000800 0.000000 0.000000 0.000000 1.000000
0.999257 -0.038332 0.003898 0.000000 0.038478 0.998030 -0.049548 10.083500 -0.001991 0.049661 0.998764 -1.000800 0.000000 0.000000 0.000000 1.000000
0.999241 -0.036757 0.012889 0.000000 0.037385 0.997924 -0.052442 10.083500 -0.010935 0.052884 0.998541 -1.000800 0.000000 0.000000 0.000000 1.000000
0.999284 -0.021405 0.031194 0.000000 0.023042 0.998323 -0.053107 10.083500 -0.030004 0.053787 0.998102 -1.000800 0.000000 0.000000 0.000000 1.000000</float_array><technique_common><accessor source="#Spine1-Matrix-animation-output-transform-array" count="22" stride="16"><param type="float4x4"/></accessor></technique_common></source><source id="Spine1-Interpolations"><Name_array id="Spine1-Interpolations-array" count="22">
 LINEAR LINEAR LINEAR LINEAR LINEAR LINEAR LINEAR LINEAR LINEAR LINEAR LINEAR
LINEAR LINEAR LINEAR LINEAR LINEAR LINEAR LINEAR LINEAR LINEAR LINEAR LINEAR</Name_array><technique_common><accessor source="#Spine1-Interpolations-array" count="22"><param type="name"/></accessor></technique_common></source><sampler id="Spine1-Matrix-animation-transform"><input semantic="INPUT" source="#Spine1-Matrix-animation-input"/><input semantic="OUTPUT" source="#Spine1-Matrix-animation-output-transform"/><input semantic="INTERPOLATION" source="#Spine1-Interpolations"/></sampler><channel source="#Spine1-Matrix-animation-transform" target="Spine1/matrix"/></animation>
    <animation id="Spine2-anim" name="Spine2"><source id="Spine2-Matrix-animation-input"><float_array id="Spine2-Matrix-animation-input-array" count="22">

0.000000 0.033333 0.066667 0.100000 0.133333 0.166667 0.200000 0.233333 0.266667 0.300000 0.333333 0.366667 0.400000 0.433333 0.466667 0.500000
0.533333 0.566667 0.600000 0.633333 0.666667 0.700000</float_array><technique_common><accessor source="#Spine2-Matrix-animation-input-array" count="22"><param name="TIME" type="float"/></accessor></technique_common></source><source id="Spine2-Matrix-animation-output-transform"><float_array id="Spine2-Matrix-animation-output-transform-array" count="352">

0.998981 -0.013314 0.043120 0.000000 0.015566 0.998509 -0.052318 9.100000 -0.042359 0.052936 0.997699 -1.373400 0.000000 0.000000 0.000000 1.000000
0.998252 -0.001280 0.059095 0.000000 0.004290 0.998698 -0.050838 9.100000 -0.058953 0.051003 0.996957 -1.373400 0.000000 0.000000 0.000000 1.000000
0.997843 0.006885 0.065285 0.000000 -0.003348 0.998528 -0.054130 9.100000 -0.065562 0.053795 0.996397 -1.373400 0.000000 0.000000 0.000000 1.000000
0.997886 0.015489 0.063120 0.000000 -0.011707 0.998138 -0.059858 9.100000 -0.063929 0.058993 0.996209 -1.373400 0.000000 0.000000 0.000000 1.000000
0.997889 0.020498 0.061627 0.000000 -0.017471 0.998633 -0.049259 9.100000 -0.062552 0.048079 0.996883 -1.373400 0.000000 0.000000 0.000000 1.000000
0.997785 0.016662 0.064406 0.000000 -0.013971 0.999019 -0.042018 9.100000 -0.065043 0.041025 0.997039 -1.373400 0.000000 0.000000 0.000000 1.000000
0.997893 0.013606 0.063431 0.000000 -0.010287 0.998576 -0.052353 9.100000 -0.064053 0.051590 0.996612 -1.373400 0.000000 0.000000 0.000000 1.000000
0.998398 0.017437 0.053828 0.000000 -0.013767 0.997603 -0.067809 9.100000 -0.054882 0.066960 0.996245 -1.373400 0.000000 0.000000 0.000000 1.000000
0.998910 0.023449 0.040368 0.000000 -0.020894 0.997820 -0.062593 9.100000 -0.041748 0.061682 0.997222 -1.373400 0.000000 0.000000 0.000000 1.000000
0.999116 0.029489 0.029971 0.000000 -0.027631 0.997778 -0.060626 9.100000 -0.031692 0.059745 0.997710 -1.373400 0.000000 0.000000 0.000000 1.000000
0.999335 0.030061 0.020657 0.000000 -0.028704 0.997593 -0.063115 9.100000 -0.022504 0.062480 0.997792 -1.373400 0.000000 0.000000 0.000000 1.000000
0.999781 0.019888 0.006479 0.000000 -0.019487 0.998186 -0.056964 9.100000 -0.007600 0.056826 0.998355 -1.373400 0.000000 0.000000 0.000000 1.000000
0.999966 0.001614 -0.008043 -0.000000 -0.002016 0.998730 -0.050340 9.100000 0.007951 0.050354 0.998700 -1.373400 0.000000 0.000000 0.000000 1.000000
0.999562 -0.022596 -0.019103 0.000000 0.021663 0.998626 -0.047707 9.100000 0.020154 0.047272 0.998679 -1.373400 0.000000 0.000000 0.000000 1.000000
0.998872 -0.036888 -0.029896 0.000000 0.035541 0.998380 -0.044423 9.100000 0.031486 0.043311 0.998565 -1.373400 0.000000 0.000000 0.000000 1.000000
0.998497 -0.039674 -0.037822 -0.000000 0.037932 0.998233 -0.045735 9.100000 0.039570 0.044232 0.998237 -1.373400 0.000000 0.000000 0.000000 1.000000
0.998867 -0.032402 -0.034846 0.000000 0.030651 0.998296 -0.049651 9.100000 0.036396 0.048527 0.998159 -1.373400 0.000000 0.000000 0.000000 1.000000
0.999349 -0.027454 -0.023392 0.000000 0.026167 0.998217 -0.053640 9.100000 0.024823 0.052993 0.998286 -1.373400 0.000000 0.000000 0.000000 1.000000
0.999526 -0.029800 -0.007706 -0.000000 0.029387 0.998361 -0.049118 9.100000 0.009157 0.048868 0.998763 -1.373400 0.000000 0.000000 0.000000 1.000000
0.999245 -0.038582 0.004637 0.000000 0.038762 0.998075 -0.048416 9.100000 -0.002760 0.048559 0.998816 -1.373400 0.000000 0.000000 0.000000 1.000000
0.999196 -0.037689 0.013642 0.000000 0.038338 0.997965 -0.050959 9.100000 -0.011694 0.051441 0.998608 -1.373400 0.000000 0.000000 0.000000 1.000000
0.999236 -0.022708 0.031803 0.000000 0.024334 0.998366 -0.051705 9.100000 -0.030577 0.052439 0.998156 -1.373400 0.000000 0.000000 0.000000 1.000000</float_array><technique_common><accessor source="#Spine2-Matrix-animation-output-transform-array" count="22" stride="16"><param type="float4x4"/></accessor></technique_common></source><source id="Spine2-Interpolations"><Name_array id="Spine2-Interpolations-array" count="22">
 LINEAR LINEAR LINEAR LINEAR LINEAR LINEAR LINEAR LINEAR LINEAR LINEAR LINEAR
LINEAR LINEAR LINEAR LINEAR LINEAR LINEAR LINEAR LINEAR LINEAR LINEAR LINEAR</Name_array><technique_common><accessor source="#Spine2-Interpolations-array" count="22"><param type="name"/></accessor></technique_common></source><sampler id="Spine2-Matrix-animation-transform"><input semantic="INPUT" source="#Spine2-Matrix-animation-input"/><input semantic="OUTPUT" source="#Spine2-Matrix-animation-output-transform"/><input semantic="INTERPOLATION" source="#Spine2-Interpolations"/></sampler><channel source="#Spine2-Matrix-animation-transform" target="Spine2/matrix"/></animation>
    <animation id="Neck-anim" name="Neck"><source id="Neck-Matrix-animation-input"><float_array id="Neck-Matrix-animation-input-array" count="22">

0.000000 0.033333 0.066667 0.100000 0.133333 0.166667 0.200000 0.233333 0.266667 0.300000 0.333333 0.366667 0.400000 0.433333 0.466667 0.500000
0.533333 0.566667 0.600000 0.633333 0.666667 0.700000</float_array><technique_common><accessor source="#Neck-Matrix-animation-input-array" count="22"><param name="TIME" type="float"/></accessor></technique_common></source><source id="Neck-Matrix-animation-output-transform"><float_array id="Neck-Matrix-animation-output-transform-array" count="352">

0.999713 -0.023547 -0.004423 0.000000 0.023912 0.992118 0.123002 16.671700 0.001492 -0.123073 0.992397 -2.516200 0.000000 0.000000 0.000000 1.000000
0.999716 -0.020007 -0.012933 0.000000 0.021293 0.993878 0.108412 16.671700 0.010685 -0.108657 0.994022 -2.516200 0.000000 0.000000 0.000000 1.000000
0.999683 -0.014815 -0.020376 0.000000 0.016706 0.995244 0.095972 16.671700 0.018857 -0.096282 0.995175 -2.516200 0.000000 0.000000 0.000000 1.000000
0.999665 -0.001634 -0.025839 -0.000000 0.003648 0.996940 0.078088 16.671700 0.025633 -0.078156 0.996612 -2.516200 0.000000 0.000000 0.000000 1.000000
0.999605 0.003560 -0.027881 0.000000 -0.001541 0.997397 0.072092 16.671700 0.028065 -0.072021 0.997008 -2.516200 0.000000 0.000000 0.000000 1.000000
0.999551 -0.002546 -0.029859 0.000000 0.004837 0.997028 0.076893 16.671700 0.029575 -0.077003 0.996592 -2.516200 0.000000 0.000000 0.000000 1.000000
0.999548 -0.009008 -0.028674 0.000000 0.010950 0.997604 0.068306 16.671700 0.027990 -0.068589 0.997252 -2.516200 0.000000 0.000000 0.000000 1.000000
0.999605 -0.015320 -0.023569 0.000000 0.016383 0.998826 0.045578 16.671700 0.022843 -0.045946 0.998683 -2.516200 0.000000 0.000000 0.000000 1.000000
0.999168 -0.034023 -0.022505 -0.000000 0.034850 0.998691 0.037444 16.671700 0.021202 -0.038197 0.999045 -2.516200 0.000000 0.000000 0.000000 1.000000
0.998198 -0.053316 -0.027519 0.000000 0.054834 0.996824 0.057743 16.671700 0.024353 -0.059148 0.997952 -2.516200 0.000000 0.000000 0.000000 1.000000
0.997988 -0.056569 -0.028621 -0.000000 0.058529 0.995611 0.073029 16.671700 0.024364 -0.074557 0.996919 -2.516200 0.000000 0.000000 0.000000 1.000000
0.998150 -0.056595 -0.022234 0.000000 0.058096 0.995571 0.073915 16.671700 0.017952 -0.075069 0.997017 -2.516200 0.000000 0.000000 0.000000 1.000000
0.998304 -0.056694 -0.013260 0.000000 0.057487 0.995881 0.070119 16.671700 0.009230 -0.070762 0.997450 -2.516200 0.000000 0.000000 0.000000 1.000000
0.998472 -0.055012 -0.005283 0.000000 0.055243 0.996177 0.067671 16.671700 0.001541 -0.067860 0.997694 -2.516200 0.000000 0.000000 0.000000 1.000000
0.997879 -0.065072 -0.001683 -0.000000 0.064988 0.994445 0.082803 16.671700 -0.003714 -0.082737 0.996565 -2.516200 0.000000 0.000000 0.000000 1.000000
0.996672 -0.081430 -0.003876 0.000000 0.081407 0.991598 0.100529 16.671700 -0.004342 -0.100509 0.994927 -2.516200 0.000000 0.000000 0.000000 1.000000
0.996606 -0.082123 -0.005628 -0.000000 0.082271 0.991492 0.100867 16.671700 -0.002703 -0.100987 0.994884 -2.516200 0.000000 0.000000 0.000000 1.000000
0.998025 -0.062815 -0.000668 -0.000000 0.062593 0.993486 0.095226 16.671700 -0.005318 -0.095080 0.995455 -2.516200 0.000000 0.000000 0.000000 1.000000
0.999169 -0.040672 0.002832 0.000000 0.040157 0.993757 0.104087 16.671700 -0.007048 -0.103887 0.994564 -2.516200 0.000000 0.000000 0.000000 1.000000
0.999513 -0.031035 0.003374 0.000000 0.030341 0.991181 0.128994 16.671700 -0.007348 -0.128829 0.991640 -2.516200 0.000000 0.000000 0.000000 1.000000
0.999574 -0.028867 0.004329 0.000000 0.027970 0.989624 0.140934 16.671700 -0.008352 -0.140753 0.990009 -2.516200 0.000000 0.000000 0.000000 1.000000
0.999661 -0.026035 -0.000040 0.000000 0.025813 0.990937 0.131823 16.671700 -0.003392 -0.131779 0.991273 -2.516200 0.000000 0.000000 0.000000 1.000000</float_array><technique_common><accessor source="#Neck-Matrix-animation-output-transform-array" count="22" stride="16"><param type="float4x4"/></accessor></technique_common></source><source id="Neck-Interpolations"><Name_array id="Neck-Interpolations-array" count="22">
 LINEAR LINEAR LINEAR LINEAR LINEAR LINEAR LINEAR LINEAR LINEAR LINEAR LINEAR
LINEAR LINEAR LINEAR LINEAR LINEAR LINEAR LINEAR LINEAR LINEAR LINEAR LINEAR</Name_array><technique_common><accessor source="#Neck-Interpolations-array" count="22"><param type="name"/></accessor></technique_common></source><sampler id="Neck-Matrix-animation-transform"><input semantic="INPUT" source="#Neck-Matrix-animation-input"/><input semantic="OUTPUT" source="#Neck-Matrix-animation-output-transform"/><input semantic="INTERPOLATION" source="#Neck-Interpolations"/></sampler><channel source="#Neck-Matrix-animation-transform" target="Neck/matrix"/></animation>
    <animation id="Head-anim" name="Head"><source id="Head-Matrix-animation-input"><float_array id="Head-Matrix-animation-input-array" count="22">

0.000000 0.033333 0.066667 0.100000 0.133333 0.166667 0.200000 0.233333 0.266667 0.300000 0.333333 0.366667 0.400000 0.433333 0.466667 0.500000
0.533333 0.566667 0.600000 0.633333 0.666667 0.700000</float_array><technique_common><accessor source="#Head-Matrix-animation-input-array" count="22"><param name="TIME" type="float"/></accessor></technique_common></source><source id="Head-Matrix-animation-output-transform"><float_array id="Head-Matrix-animation-output-transform-array" count="352">

0.997705 0.057973 0.034971 0.000000 -0.063250 0.982359 0.175986 9.617900 -0.024152 -0.177794 0.983771 1.685000 0.000000 0.000000 0.000000 1.000000
0.999335 0.031577 -0.018235 0.000000 -0.028455 0.988045 0.151519 9.617900 0.022802 -0.150899 0.988286 1.685000 0.000000 0.000000 0.000000 1.000000
0.997682 0.012733 -0.066842 0.000000 -0.004403 0.992356 0.123327 9.617900 0.067902 -0.122747 0.990112 1.685000 0.000000 0.000000 0.000000 1.000000
0.992538 -0.013866 -0.121149 0.000000 0.025916 0.994804 0.098459 9.617900 0.119154 -0.100864 0.987739 1.685000 0.000000 0.000000 0.000000 1.000000
0.989104 -0.030765 -0.143970 0.000000 0.045467 0.993951 0.099971 9.617900 0.140024 -0.105428 0.984519 1.685000 0.000000 0.000000 0.000000 1.000000
0.989274 -0.027773 -0.143409 0.000000 0.044264 0.992595 0.113118 9.617900 0.139205 -0.118253 0.983178 1.685000 0.000000 0.000000 0.000000 1.000000
0.991359 -0.026011 -0.128574 -0.000000 0.041588 0.991902 0.120001 9.617900 0.124411 -0.124312 0.984413 1.685000 0.000000 0.000000 0.000000 1.000000
0.994139 -0.038256 -0.101116 0.000000 0.051422 0.990050 0.130985 9.617900 0.095099 -0.135417 0.986214 1.685000 0.000000 0.000000 0.000000 1.000000
0.995988 -0.049708 -0.074410 0.000000 0.060507 0.986721 0.150733 9.617900 0.065929 -0.154631 0.985770 1.685000 0.000000 0.000000 0.000000 1.000000
0.996657 -0.047573 -0.066417 0.000000 0.057935 0.984754 0.164020 9.617900 0.057602 -0.167320 0.984219 1.685000 0.000000 0.000000 0.000000 1.000000
0.996687 -0.051000 -0.063349 0.000000 0.060644 0.985076 0.161083 9.617900 0.054189 -0.164391 0.984906 1.685000 0.000000 0.000000 0.000000 1.000000
0.998570 -0.045398 -0.028246 -0.000000 0.049098 0.987733 0.148231 9.617900 0.021170 -0.149406 0.988549 1.685000 0.000000 0.000000 0.000000 1.000000
0.999596 -0.006389 0.027689 0.000000 0.002764 0.991638 0.129017 9.617900 -0.028281 -0.128889 0.991256 1.685000 0.000000 0.000000 0.000000 1.000000
0.996341 0.037603 0.076751 0.000000 -0.045316 0.993817 0.101357 9.617900 -0.072465 -0.104464 0.991885 1.685000 0.000000 0.000000 0.000000 1.000000
0.989811 0.073919 0.121700 0.000000 -0.084059 0.993212 0.080402 9.617900 -0.114931 -0.089813 0.989305 1.685000 0.000000 0.000000 0.000000 1.000000
0.984431 0.098390 0.145656 -0.000000 -0.111187 0.990371 0.082477 9.617900 -0.136139 -0.097388 0.985891 1.685000 0.000000 0.000000 0.000000 1.000000
0.985304 0.100036 0.138451 0.000000 -0.114341 0.988442 0.099538 9.617900 -0.126894 -0.113906 0.985354 1.685000 0.000000 0.000000 0.000000 1.000000
0.988267 0.086819 0.125663 0.000000 -0.102783 0.986602 0.126698 9.617900 -0.112980 -0.138128 0.983949 1.685000 0.000000 0.000000 0.000000 1.000000
0.990930 0.083888 0.104976 0.000000 -0.099001 0.983988 0.148208 9.617900 -0.090862 -0.157256 0.983369 1.685000 0.000000 0.000000 0.000000 1.000000
0.990288 0.101305 0.095219 0.000000 -0.115480 0.980728 0.157598 9.617900 -0.077418 -0.167063 0.982902 1.685000 0.000000 0.000000 0.000000 1.000000
0.989585 0.106481 0.096864 0.000000 -0.121734 0.978179 0.168364 9.617900 -0.076823 -0.178402 0.980954 1.685000 0.000000 0.000000 0.000000 1.000000
0.994839 0.077948 0.064954 0.000000 -0.088484 0.979783 0.179429 9.617900 -0.049655 -0.184251 0.981624 1.685000 0.000000 0.000000 0.000000 1.000000</float_array><technique_common><accessor source="#Head-Matrix-animation-output-transform-array" count="22" stride="16"><param type="float4x4"/></accessor></technique_common></source><source id="Head-Interpolations"><Name_array id="Head-Interpolations-array" count="22">
 LINEAR LINEAR LINEAR LINEAR LINEAR LINEAR LINEAR LINEAR LINEAR LINEAR LINEAR
LINEAR LINEAR LINEAR LINEAR LINEAR LINEAR LINEAR LINEAR LINEAR LINEAR LINEAR</Name_array><technique_common><accessor source="#Head-Interpolations-array" count="22"><param type="name"/></accessor></technique_common></source><sampler id="Head-Matrix-animation-transform"><input semantic="INPUT" source="#Head-Matrix-animation-input"/><input semantic="OUTPUT" source="#Head-Matrix-animation-output-transform"/><input semantic="INTERPOLATION" source="#Head-Interpolations"/></sampler><channel source="#Head-Matrix-animation-transform" target="Head/matrix"/></animation>
    <animation id="LeftShoulder-anim" name="LeftShoulder"><source id="LeftShoulder-Matrix-animation-input"><float_array id="LeftShoulder-Matrix-animation-input-array" count="22">

0.000000 0.033333 0.066667 0.100000 0.133333 0.166667 0.200000 0.233333 0.266667 0.300000 0.333333 0.366667 0.400000 0.433333 0.466667 0.500000
0.533333 0.566667 0.600000 0.633333 0.666667 0.700000</float_array><technique_common><accessor source="#LeftShoulder-Matrix-animation-input-array" count="22"><param name="TIME" type="float"/></accessor></technique_common></source><source id="LeftShoulder-Matrix-animation-output-transform"><float_array id="LeftShoulder-Matrix-animation-output-transform-array" count="352">

0.963919 0.199749 -0.175957 4.570400 -0.204231 0.978894 -0.007552 10.946000 0.170735 0.043216 0.984369 -2.628000 0.000000 0.000000 0.000000 1.000000
0.971858 0.186972 -0.143296 4.570400 -0.190241 0.981693 -0.009341 10.946000 0.138926 0.036339 0.989636 -2.628000 0.000000 0.000000 0.000000 1.000000
0.976222 0.177908 -0.123854 4.570400 -0.180554 0.983510 -0.010389 10.946000 0.119963 0.032504 0.992246 -2.628000 0.000000 0.000000 0.000000 1.000000
0.981566 0.162472 -0.100654 4.570400 -0.164490 0.986305 -0.012032 10.946000 0.097320 0.028366 0.994849 -2.628000 0.000000 0.000000 0.000000 1.000000
0.985045 0.157138 -0.070673 4.570400 -0.158431 0.987284 -0.013037 10.946000 0.067726 0.024039 0.997414 -2.628000 0.000000 0.000000 0.000000 1.000000
0.982531 0.181262 -0.042163 4.570400 -0.181962 0.983215 -0.013368 10.946000 0.039032 0.020807 0.999021 -2.628000 0.000000 0.000000 0.000000 1.000000
0.975109 0.217844 -0.041303 4.570400 -0.218555 0.975731 -0.013504 10.946000 0.037358 0.022195 0.999055 -2.628000 0.000000 0.000000 0.000000 1.000000
0.967924 0.244299 -0.058661 4.570400 -0.245393 0.969348 -0.012114 10.946000 0.053904 0.026120 0.998204 -2.628000 0.000000 0.000000 0.000000 1.000000
0.960070 0.268654 -0.078039 4.570400 -0.270232 0.962741 -0.010229 10.946000 0.072383 0.030909 0.996898 -2.628000 0.000000 0.000000 0.000000 1.000000
0.947047 0.301149 -0.111403 4.570400 -0.303741 0.952731 -0.006672 10.946000 0.104128 0.040156 0.993753 -2.628000 0.000000 0.000000 0.000000 1.000000
0.942116 0.298425 -0.152839 4.570400 -0.302516 0.953137 -0.003702 10.946000 0.144572 0.049724 0.988244 -2.628000 0.000000 0.000000 0.000000 1.000000
0.951268 0.250723 -0.179518 4.570400 -0.255773 0.966723 -0.005176 10.946000 0.172246 0.050840 0.983741 -2.628000 0.000000 0.000000 0.000000 1.000000
0.956682 0.211178 -0.200406 4.570400 -0.216971 0.976152 -0.007138 10.946000 0.194119 0.050311 0.979687 -2.628000 0.000000 0.000000 0.000000 1.000000
0.959580 0.195847 -0.202113 4.570400 -0.201645 0.979424 -0.008297 10.946000 0.196329 0.048716 0.979327 -2.628000 0.000000 0.000000 0.000000 1.000000
0.967355 0.172424 -0.185728 4.570400 -0.177378 0.984089 -0.010267 10.946000 0.181003 0.042876 0.982548 -2.628000 0.000000 0.000000 0.000000 1.000000
0.967037 0.153309 -0.203313 4.570400 -0.158827 0.987245 -0.011007 10.946000 0.199032 0.042936 0.979052 -2.628000 0.000000 0.000000 0.000000 1.000000
0.957934 0.154484 -0.241862 4.570400 -0.161962 0.986733 -0.011224 10.946000 0.236919 0.049924 0.970246 -2.628000 0.000000 0.000000 0.000000 1.000000
0.955023 0.164793 -0.246523 4.570400 -0.172792 0.984897 -0.011016 10.946000 0.240985 0.053117 0.969074 -2.628000 0.000000 0.000000 0.000000 1.000000
0.951714 0.185639 -0.244495 4.570400 -0.193551 0.981053 -0.008520 10.946000 0.238281 0.055431 0.969613 -2.628000 0.000000 0.000000 0.000000 1.000000
0.944610 0.208190 -0.253710 4.570400 -0.216414 0.976291 -0.004621 10.946000 0.246733 0.059271 0.967269 -2.628000 0.000000 0.000000 0.000000 1.000000
0.944149 0.219889 -0.245419 4.570400 -0.227503 0.973774 -0.002747 10.946000 0.238379 0.058427 0.969413 -2.628000 0.000000 0.000000 0.000000 1.000000
0.956571 0.210066 -0.202098 4.570400 -0.215632 0.976458 -0.005671 10.946000 0.196149 0.049003 0.979349 -2.628000 0.000000 0.000000 0.000000 1.000000</float_array><technique_common><accessor source="#LeftShoulder-Matrix-animation-output-transform-array" count="22" stride="16"><param type="float4x4"/></accessor></technique_common></source><source id="LeftShoulder-Interpolations"><Name_array id="LeftShoulder-Interpolations-array" count="22">
 LINEAR LINEAR LINEAR LINEAR LINEAR LINEAR LINEAR LINEAR LINEAR LINEAR LINEAR
LINEAR LINEAR LINEAR LINEAR LINEAR LINEAR LINEAR LINEAR LINEAR LINEAR LINEAR</Name_array><technique_common><accessor source="#LeftShoulder-Interpolations-array" count="22"><param type="name"/></accessor></technique_common></source><sampler id="LeftShoulder-Matrix-animation-transform"><input semantic="INPUT" source="#LeftShoulder-Matrix-animation-input"/><input semantic="OUTPUT" source="#LeftShoulder-Matrix-animation-output-transform"/><input semantic="INTERPOLATION" source="#LeftShoulder-Interpolations"/></sampler><channel source="#LeftShoulder-Matrix-animation-transform" target="LeftShoulder/matrix"/></animation>
    <animation id="LeftArm-anim" name="LeftArm"><source id="LeftArm-Matrix-animation-input"><float_array id="LeftArm-Matrix-animation-input-array" count="22">

0.000000 0.033333 0.066667 0.100000 0.133333 0.166667 0.200000 0.233333 0.266667 0.300000 0.333333 0.366667 0.400000 0.433333 0.466667 0.500000
0.533333 0.566667 0.600000 0.633333 0.666667 0.700000</float_array><technique_common><accessor source="#LeftArm-Matrix-animation-input-array" count="22"><param name="TIME" type="float"/></accessor></technique_common></source><source id="LeftArm-Matrix-animation-output-transform"><float_array id="LeftArm-Matrix-animation-output-transform-array" count="352">

0.616874 0.744083 -0.256530 10.592400 -0.782327 0.543982 -0.303394 -0.524600 -0.086203 0.387846 0.917684 -2.232100 0.000000 0.000000 0.000000 1.000000
0.658236 0.706803 -0.259143 10.592400 -0.742929 0.554301 -0.375243 -0.524600 -0.121579 0.439524 0.889965 -2.232100 0.000000 0.000000 0.000000 1.000000
0.692210 0.675726 -0.253454 10.592400 -0.708969 0.571028 -0.413871 -0.524600 -0.134934 0.466177 0.874341 -2.232100 0.000000 0.000000 0.000000 1.000000
0.733368 0.640939 -0.226648 10.592400 -0.660279 0.592143 -0.461951 -0.524600 -0.161874 0.488431 0.857457 -2.232100 0.000000 0.000000 0.000000 1.000000
0.738449 0.636844 -0.221637 10.592400 -0.646791 0.576018 -0.499866 -0.524600 -0.190670 0.512478 0.837264 -2.232100 0.000000 0.000000 0.000000 1.000000
0.726469 0.648762 -0.226606 10.592400 -0.655144 0.554306 -0.513354 -0.524600 -0.207436 0.521395 0.827718 -2.232100 0.000000 0.000000 0.000000 1.000000
0.707828 0.675060 -0.208022 10.592400 -0.678788 0.568505 -0.464810 -0.524600 -0.195513 0.470209 0.860627 -2.232100 0.000000 0.000000 0.000000 1.000000
0.686101 0.704358 -0.182059 10.592400 -0.712425 0.599808 -0.364254 -0.524600 -0.147365 0.379618 0.913331 -2.232100 0.000000 0.000000 0.000000 1.000000
0.685895 0.707738 -0.169279 10.592400 -0.721198 0.630090 -0.287854 -0.524600 -0.097064 0.319521 0.942595 -2.232100 0.000000 0.000000 0.000000 1.000000
0.713905 0.674922 -0.186602 10.592400 -0.700243 0.688306 -0.189459 -0.524600 0.000569 0.265922 0.963994 -2.232100 0.000000 0.000000 0.000000 1.000000
0.721900 0.662527 -0.199796 10.592400 -0.684624 0.725827 -0.066820 -0.524600 0.100747 0.185022 0.977556 -2.232100 0.000000 0.000000 0.000000 1.000000
0.684723 0.707176 -0.176228 10.592400 -0.714644 0.698928 0.027985 -0.524600 0.142961 0.106778 0.983952 -2.232100 0.000000 0.000000 0.000000 1.000000
0.656941 0.744717 -0.117584 10.592400 -0.741547 0.666397 0.077607 -0.524600 0.136153 0.036210 0.990026 -2.232100 0.000000 0.000000 0.000000 1.000000
0.662160 0.743186 -0.096015 10.592400 -0.733432 0.669021 0.120372 -0.524600 0.153694 -0.009285 0.988075 -2.232100 0.000000 0.000000 0.000000 1.000000
0.689498 0.715654 -0.111500 10.592400 -0.702545 0.698263 0.137330 -0.524600 0.176137 -0.016355 0.984230 -2.232100 0.000000 0.000000 0.000000 1.000000
0.731810 0.673574 -0.103691 10.592400 -0.668106 0.739092 0.085893 -0.524600 0.134492 0.006419 0.990894 -2.232100 0.000000 0.000000 0.000000 1.000000
0.756819 0.646448 -0.096589 10.592400 -0.649680 0.760203 -0.002679 -0.524600 0.071696 0.064779 0.995321 -2.232100 0.000000 0.000000 0.000000 1.000000
0.734767 0.661624 -0.149568 10.592400 -0.674759 0.735484 -0.061358 -0.524600 0.069409 0.146006 0.986846 -2.232100 0.000000 0.000000 0.000000 1.000000
0.677860 0.701586 -0.219733 10.592400 -0.730973 0.675133 -0.099366 -0.524600 0.078635 0.227975 0.970486 -2.232100 0.000000 0.000000 0.000000 1.000000
0.593660 0.761674 -0.259655 10.592400 -0.799895 0.593807 -0.086954 -0.524600 0.087955 0.259317 0.961779 -2.232100 0.000000 0.000000 0.000000 1.000000
0.545800 0.794830 -0.265231 10.592400 -0.836193 0.536955 -0.111627 -0.524600 0.053693 0.282710 0.957702 -2.232100 0.000000 0.000000 0.000000 1.000000
0.584846 0.768912 -0.258322 10.592400 -0.809860 0.535601 -0.239289 -0.524600 -0.045635 0.349151 0.935955 -2.232100 0.000000 0.000000 0.000000 1.000000</float_array><technique_common><accessor source="#LeftArm-Matrix-animation-output-transform-array" count="22" stride="16"><param type="float4x4"/></accessor></technique_common></source><source id="LeftArm-Interpolations"><Name_array id="LeftArm-Interpolations-array" count="22">
 LINEAR LINEAR LINEAR LINEAR LINEAR LINEAR LINEAR LINEAR LINEAR LINEAR LINEAR
LINEAR LINEAR LINEAR LINEAR LINEAR LINEAR LINEAR LINEAR LINEAR LINEAR LINEAR</Name_array><technique_common><accessor source="#LeftArm-Interpolations-array" count="22"><param type="name"/></accessor></technique_common></source><sampler id="LeftArm-Matrix-animation-transform"><input semantic="INPUT" source="#LeftArm-Matrix-animation-input"/><input semantic="OUTPUT" source="#LeftArm-Matrix-animation-output-transform"/><input semantic="INTERPOLATION" source="#LeftArm-Interpolations"/></sampler><channel source="#LeftArm-Matrix-animation-transform" target="LeftArm/matrix"/></animation>
    <animation id="LeftForeArm-anim" name="LeftForeArm"><source id="LeftForeArm-Matrix-animation-input"><float_array id="LeftForeArm-Matrix-animation-input-array" count="22">

0.000000 0.033333 0.066667 0.100000 0.133333 0.166667 0.200000 0.233333 0.266667 0.300000 0.333333 0.366667 0.400000 0.433333 0.466667 0.500000
