<?xml version="1.0" encoding="utf-8"?>
<COLLADA xmlns="http://www.collada.org/2005/11/COLLADASchema" version="1.4.1">
  <asset><contributor><author>Mixamo</author><authoring_tool>COLLADA Mixamo exporter</authoring_tool><comments></comments></contributor><created>2018-11-02T16:05:12Z</created><modified>2018-11-02T16:05:12Z</modified><revision></revision><title></title><unit meter="0.010000"/><up_axis>Y_UP</up_axis></asset>
  <library_animations>
    <animation id="Hips-anim" name="Hips"><source id="Hips-Matrix-animation-input"><float_array id="Hips-Matrix-animation-input-array" count="113">

0.000000 0.033333 0.066667 0.100000 0.133333 0.166667 0.200000 0.233333 0.266667 0.300000 0.333333 0.366667 0.400000 0.433333 0.466667 0.500000
0.533333 0.566667 0.600000 0.633333 0.666667 0.700000 0.733333 0.766667 0.800000 0.833333 0.866667 0.900000 0.933333 0.966667 1.000000 1.033333
1.066667 1.100000 1.133333 1.166667 1.200000 1.233333 1.266667 1.300000 1.333333 1.366667 1.400000 1.433333 1.466667 1.500000 1.533333 1.566667
1.600000 1.633333 1.666667 1.700000 1.733333 1.766667 1.800000 1.833333 1.866667 1.900000 1.933333 1.966667 2.000000 2.033333 2.066667 2.100000
2.133333 2.166667 2.200000 2.233333 2.266667 2.300000 2.333333 2.366667 2.400000 2.433333 2.466667 2.500000 2.533333 2.566667 2.600000 2.633333
2.666667 2.700000 2.733333 2.766667 2.800000 2.833333 2.866667 2.900000 2.933333 2.966667 3.000000 3.033333 3.066667 3.100000 3.133333 3.166667
3.200000 3.233333 3.266667 3.300000 3.333333 3.366667 3.400000 3.433333 3.466667 3.500000 3.533333 3.566667 3.600000 3.633333 3.666667 3.700000
3.733333</float_array><technique_common><accessor source="#Hips-Matrix-animation-input-array" count="113"><param name="TIME" type="float"/></accessor></technique_common></source><source id="Hips-Matrix-animation-output-transform"><float_array id="Hips-Matrix-animation-output-transform-array" count="1808">

-0.021366 -0.043873 -0.998809 3.393996 -0.010707 0.998989 -0.043652 97.038330 0.999714 0.009762 -0.021814 -0.026856 0.000000 0.000000 0.000000 1.000000
-0.017793 -0.042853 -0.998923 3.357387 -0.009720 0.999041 -0.042685 97.022224 0.999794 0.008950 -0.018192 -0.009484 0.000000 0.000000 0.000000 1.000000
-0.014503 -0.042322 -0.998999 3.324031 -0.008854 0.999070 -0.042196 97.013657 0.999856 0.008233 -0.014864 0.005219 0.000000 0.000000 0.000000 1.000000
-0.011658 -0.042253 -0.999039 3.293029 -0.008545 0.999075 -0.042154 97.007904 0.999896 0.008045 -0.012008 0.015234 0.000000 0.000000 0.000000 1.000000
-0.009280 -0.042637 -0.999048 3.264385 -0.008815 0.999055 -0.042555 97.004662 0.999918 0.008412 -0.009647 0.020038 0.000000 0.000000 0.000000 1.000000
-0.007156 -0.043096 -0.999045 3.235922 -0.009335 0.999030 -0.043029 97.001289 0.999931 0.009018 -0.007552 0.020162 0.000000 0.000000 0.000000 1.000000
-0.005529 -0.043589 -0.999034 3.209637 -0.009929 0.999003 -0.043533 96.998375 0.999935 0.009678 -0.005956 0.019107 0.000000 0.000000 0.000000 1.000000
-0.004588 -0.044098 -0.999017 3.185555 -0.010537 0.998974 -0.044048 96.997208 0.999934 0.010325 -0.005048 0.018532 0.000000 0.000000 0.000000 1.000000
-0.004592 -0.044710 -0.998989 3.161584 -0.011185 0.998940 -0.044656 96.999878 0.999927 0.010969 -0.005087 0.020093 0.000000 0.000000 0.000000 1.000000
-0.005012 -0.045284 -0.998962 3.138180 -0.011853 0.998907 -0.045222 97.006821 0.999917 0.011614 -0.005543 0.023444 0.000000 0.000000 0.000000 1.000000
-0.005442 -0.045574 -0.998946 3.116463 -0.012629 0.998884 -0.045502 97.026581 0.999905 0.012368 -0.006011 0.029015 0.000000 0.000000 0.000000 1.000000
-0.005194 -0.045823 -0.998936 3.102238 -0.013781 0.998858 -0.045748 97.064339 0.999892 0.013529 -0.005819 0.031285 0.000000 0.000000 0.000000 1.000000
-0.003959 -0.046124 -0.998928 3.099705 -0.015158 0.998824 -0.046059 97.113304 0.999877 0.014960 -0.004654 0.027421 0.000000 0.000000 0.000000 1.000000
-0.002238 -0.046447 -0.998918 3.103804 -0.016503 0.998786 -0.046404 97.161919 0.999861 0.016381 -0.003002 0.020168 0.000000 0.000000 0.000000 1.000000
-0.000476 -0.046856 -0.998902 3.111025 -0.017738 0.998745 -0.046840 97.207748 0.999843 0.017696 -0.001307 0.011759 0.000000 0.000000 0.000000 1.000000
0.000660 -0.047471 -0.998872 3.116160 -0.018875 0.998694 -0.047475 97.252213 0.999822 0.018885 -0.000237 0.005305 0.000000 0.000000 0.000000 1.000000
0.000035 -0.048584 -0.998819 3.112900 -0.019834 0.998623 -0.048575 97.294006 0.999803 0.019813 -0.000929 0.005517 0.000000 0.000000 0.000000 1.000000
-0.002022 -0.050132 -0.998741 3.103179 -0.020636 0.998532 -0.050080 97.333939 0.999785 0.020508 -0.003053 0.011188 0.000000 0.000000 0.000000 1.000000
-0.004566 -0.051851 -0.998644 3.090506 -0.021383 0.998432 -0.051742 97.373856 0.999761 0.021117 -0.005668 0.019752 0.000000 0.000000 0.000000 1.000000
-0.007348 -0.053695 -0.998530 3.075628 -0.022089 0.998322 -0.053521 97.413857 0.999729 0.021663 -0.008521 0.031235 0.000000 0.000000 0.000000 1.000000
-0.010116 -0.055616 -0.998401 3.059263 -0.022768 0.998206 -0.055375 97.454094 0.999690 0.022171 -0.011364 0.045556 0.000000 0.000000 0.000000 1.000000
-0.012626 -0.057569 -0.998262 3.042150 -0.023431 0.998084 -0.057262 97.494705 0.999646 0.022668 -0.013951 0.062639 0.000000 0.000000 0.000000 1.000000
-0.014558 -0.059500 -0.998122 3.024859 -0.024087 0.997959 -0.059139 97.536026 0.999604 0.023180 -0.015961 0.082747 0.000000 0.000000 0.000000 1.000000
-0.015604 -0.061409 -0.997991 3.007269 -0.024730 0.997831 -0.061013 97.578514 0.999572 0.023728 -0.017089 0.108102 0.000000 0.000000 0.000000 1.000000
-0.015636 -0.063337 -0.997870 2.992958 -0.025200 0.997700 -0.062931 97.615273 0.999560 0.024162 -0.017196 0.138376 0.000000 0.000000 0.000000 1.000000
-0.015416 -0.065169 -0.997755 2.988083 -0.025418 0.997577 -0.064765 97.638512 0.999558 0.024362 -0.017036 0.165232 0.000000 0.000000 0.000000 1.000000
-0.015641 -0.066815 -0.997643 2.989955 -0.025574 0.997465 -0.066402 97.655197 0.999551 0.024476 -0.017310 0.186268 0.000000 0.000000 0.000000 1.000000
-0.016485 -0.068263 -0.997531 2.998556 -0.025707 0.997366 -0.067826 97.666191 0.999534 0.024526 -0.018196 0.200649 0.000000 0.000000 0.000000 1.000000
-0.018294 -0.069371 -0.997423 3.017171 -0.025810 0.997290 -0.068889 97.668961 0.999499 0.024483 -0.020035 0.204692 0.000000 0.000000 0.000000 1.000000
-0.020650 -0.070103 -0.997326 3.041221 -0.025870 0.997242 -0.069561 97.666443 0.999452 0.024364 -0.022407 0.201967 0.000000 0.000000 0.000000 1.000000
-0.023101 -0.070320 -0.997257 3.066415 -0.025861 0.997231 -0.069720 97.661240 0.999399 0.024179 -0.024855 0.196128 0.000000 0.000000 0.000000 1.000000
-0.025468 -0.069917 -0.997228 3.091796 -0.025756 0.997266 -0.069262 97.653854 0.999344 0.023920 -0.027199 0.187995 0.000000 0.000000 0.000000 1.000000
-0.027613 -0.068952 -0.997238 3.117840 -0.025584 0.997340 -0.068251 97.644806 0.999291 0.023629 -0.029303 0.178893 0.000000 0.000000 0.000000 1.000000
-0.028931 -0.066654 -0.997357 3.146949 -0.025300 0.997503 -0.065930 97.631920 0.999261 0.023325 -0.030545 0.170120 0.000000 0.000000 0.000000 1.000000
-0.029741 -0.063656 -0.997529 3.179945 -0.024926 0.997707 -0.062924 97.615776 0.999247 0.022993 -0.031260 0.161618 0.000000 0.000000 0.000000 1.000000
-0.030270 -0.060140 -0.997731 3.220284 -0.024320 0.997937 -0.059414 97.593018 0.999246 0.022467 -0.031670 0.150953 0.000000 0.000000 0.000000 1.000000
-0.030850 -0.056060 -0.997951 3.276847 -0.023066 0.998200 -0.055361 97.555717 0.999258 0.021311 -0.032087 0.132110 0.000000 0.000000 0.000000 1.000000
-0.031501 -0.051617 -0.998170 3.346900 -0.021238 0.998475 -0.050962 97.505157 0.999278 0.019594 -0.032549 0.104814 0.000000 0.000000 0.000000 1.000000
-0.032143 -0.047507 -0.998354 3.417880 -0.019253 0.998714 -0.046905 97.448456 0.999298 0.017713 -0.033016 0.070791 0.000000 0.000000 0.000000 1.000000
-0.032724 -0.044420 -0.998477 3.484334 -0.017131 0.998890 -0.043877 97.380157 0.999318 0.015669 -0.033449 0.023957 0.000000 0.000000 0.000000 1.000000
-0.033082 -0.041632 -0.998585 3.543811 -0.015180 0.999038 -0.041148 97.310532 0.999337 0.013797 -0.033682 -0.021358 0.000000 0.000000 0.000000 1.000000
-0.032559 -0.038686 -0.998721 3.606203 -0.013095 0.999181 -0.038277 97.237808 0.999384 0.011832 -0.033039 -0.069401 0.000000 0.000000 0.000000 1.000000
-0.030312 -0.035205 -0.998920 3.682339 -0.010589 0.999335 -0.034899 97.158134 0.999484 0.009520 -0.030665 -0.125575 0.000000 0.000000 0.000000 1.000000
-0.026840 -0.031146 -0.999154 3.771541 -0.007649 0.999492 -0.030951 97.072990 0.999610 0.006812 -0.027065 -0.183081 0.000000 0.000000 0.000000 1.000000
-0.022609 -0.027168 -0.999375 3.870856 -0.004634 0.999623 -0.027070 96.990112 0.999734 0.004020 -0.022727 -0.229285 0.000000 0.000000 0.000000 1.000000
-0.017651 -0.023434 -0.999570 3.979783 -0.001641 0.999725 -0.023408 96.910553 0.999843 0.001227 -0.017685 -0.263606 0.000000 0.000000 0.000000 1.000000
-0.012731 -0.020317 -0.999713 4.087412 0.001199 0.999793 -0.020334 96.841125 0.999918 -0.001457 -0.012704 -0.289075 0.000000 0.000000 0.000000 1.000000
-0.008507 -0.018437 -0.999794 4.181848 0.003754 0.999822 -0.018470 96.793449 0.999957 -0.003910 -0.008436 -0.303578 0.000000 0.000000 0.000000 1.000000
-0.005087 -0.018038 -0.999824 4.261992 0.005977 0.999819 -0.018069 96.772064 0.999969 -0.006068 -0.004978 -0.303653 0.000000 0.000000 0.000000 1.000000
-0.002699 -0.017683 -0.999840 4.347392 0.008014 0.999811 -0.017704 96.754974 0.999964 -0.008061 -0.002556 -0.296805 0.000000 0.000000 0.000000 1.000000
-0.001480 -0.017694 -0.999842 4.432298 0.009760 0.999796 -0.017708 96.742355 0.999951 -0.009784 -0.001307 -0.281729 0.000000 0.000000 0.000000 1.000000
-0.000741 -0.018113 -0.999836 4.507404 0.011188 0.999773 -0.018120 96.733208 0.999937 -0.011199 -0.000538 -0.262977 0.000000 0.000000 0.000000 1.000000
-0.000215 -0.018630 -0.999826 4.569207 0.012269 0.999751 -0.018631 96.726166 0.999925 -0.012271 0.000014 -0.244197 0.000000 0.000000 0.000000 1.000000
0.000170 -0.019125 -0.999817 4.612091 0.012877 0.999734 -0.019121 96.721245 0.999917 -0.012872 0.000416 -0.227061 0.000000 0.000000 0.000000 1.000000
0.000451 -0.019547 -0.999809 4.637131 0.013071 0.999724 -0.019540 96.718170 0.999914 -0.013060 0.000706 -0.212043 0.000000 0.000000 0.000000 1.000000
0.000681 -0.019870 -0.999802 4.651310 0.013025 0.999718 -0.019860 96.716553 0.999915 -0.013009 0.000939 -0.200028 0.000000 0.000000 0.000000 1.000000
0.000886 -0.020115 -0.999797 4.659062 0.012833 0.999716 -0.020102 96.716301 0.999917 -0.012812 0.001144 -0.191009 0.000000 0.000000 0.000000 1.000000
0.001082 -0.020491 -0.999789 4.663049 0.012476 0.999713 -0.020476 96.718140 0.999922 -0.012451 0.001337 -0.184950 0.000000 0.000000 0.000000 1.000000
0.001241 -0.021168 -0.999775 4.665062 0.011927 0.999705 -0.021152 96.722679 0.999928 -0.011898 0.001493 -0.183566 0.000000 0.000000 0.000000 1.000000
0.001406 -0.022159 -0.999753 4.663878 0.011146 0.999693 -0.022142 96.731026 0.999937 -0.011112 0.001653 -0.186560 0.000000 0.000000 0.000000 1.000000
0.001615 -0.023447 -0.999724 4.657100 0.010087 0.999675 -0.023430 96.744408 0.999948 -0.010047 0.001851 -0.194071 0.000000 0.000000 0.000000 1.000000
0.001768 -0.024689 -0.999694 4.649456 0.009013 0.999655 -0.024672 96.757439 0.999958 -0.008966 0.001989 -0.204624 0.000000 0.000000 0.000000 1.000000
0.001891 -0.025891 -0.999663 4.641690 0.007949 0.999634 -0.025875 96.769943 0.999967 -0.007897 0.002097 -0.216497 0.000000 0.000000 0.000000 1.000000
0.002100 -0.027291 -0.999625 4.631948 0.006746 0.999605 -0.027277 96.785439 0.999975 -0.006687 0.002284 -0.227332 0.000000 0.000000 0.000000 1.000000
0.002487 -0.029061 -0.999575 4.619348 0.005306 0.999564 -0.029047 96.805847 0.999983 -0.005231 0.002640 -0.235279 0.000000 0.000000 0.000000 1.000000
0.003399 -0.031764 -0.999490 4.597399 0.003317 0.999490 -0.031752 96.842674 0.999989 -0.003207 0.003503 -0.232777 0.000000 0.000000 0.000000 1.000000
0.004814 -0.035376 -0.999362 4.565092 0.000830 0.999374 -0.035372 96.896767 0.999988 -0.000659 0.004841 -0.219140 0.000000 0.000000 0.000000 1.000000
0.004768 -0.038676 -0.999240 4.519072 -0.001535 0.999250 -0.038683 96.944389 0.999987 0.001718 0.004705 -0.211142 0.000000 0.000000 0.000000 1.000000
0.003736 -0.041746 -0.999121 4.464132 -0.003840 0.999120 -0.041761 96.987984 0.999986 0.003992 0.003572 -0.208038 0.000000 0.000000 0.000000 1.000000
0.002155 -0.044720 -0.998997 4.403441 -0.006124 0.998980 -0.044732 97.029724 0.999979 0.006215 0.001879 -0.207143 0.000000 0.000000 0.000000 1.000000
0.000184 -0.047643 -0.998864 4.339039 -0.008382 0.998829 -0.047643 97.069550 0.999965 0.008381 -0.000215 -0.206898 0.000000 0.000000 0.000000 1.000000
-0.002020 -0.050557 -0.998719 4.273022 -0.010572 0.998666 -0.050533 97.107483 0.999942 0.010456 -0.002552 -0.205698 0.000000 0.000000 0.000000 1.000000
-0.004286 -0.053505 -0.998558 4.207512 -0.012653 0.998491 -0.053447 97.143585 0.999911 0.012405 -0.004956 -0.201977 0.000000 0.000000 0.000000 1.000000
-0.006987 -0.056498 -0.998378 4.139470 -0.014376 0.998305 -0.056393 97.175835 0.999872 0.013959 -0.007788 -0.191253 0.000000 0.000000 0.000000 1.000000
-0.009400 -0.059611 -0.998177 4.070058 -0.015587 0.998109 -0.059460 97.214867 0.999834 0.015000 -0.010312 -0.171230 0.000000 0.000000 0.000000 1.000000
-0.011769 -0.062849 -0.997954 3.999083 -0.016519 0.997899 -0.062650 97.256790 0.999794 0.015748 -0.012783 -0.146041 0.000000 0.000000 0.000000 1.000000
-0.013829 -0.066121 -0.997716 3.927679 -0.017443 0.997675 -0.065876 97.299072 0.999752 0.016492 -0.014950 -0.117692 0.000000 0.000000 0.000000 1.000000
-0.015479 -0.069494 -0.997462 3.856339 -0.018463 0.997432 -0.069205 97.341408 0.999710 0.017345 -0.016722 -0.087987 0.000000 0.000000 0.000000 1.000000
-0.016933 -0.072871 -0.997198 3.785062 -0.019526 0.997175 -0.072537 97.383392 0.999666 0.018243 -0.018308 -0.057417 0.000000 0.000000 0.000000 1.000000
-0.018048 -0.075906 -0.996952 3.714871 -0.020691 0.996929 -0.075529 97.422394 0.999623 0.019265 -0.019563 -0.022509 0.000000 0.000000 0.000000 1.000000
-0.018813 -0.078484 -0.996738 3.646150 -0.021965 0.996706 -0.078067 97.457642 0.999582 0.020424 -0.020474 0.017945 0.000000 0.000000 0.000000 1.000000
-0.019240 -0.080570 -0.996563 3.578466 -0.023329 0.996513 -0.080115 97.488770 0.999543 0.021707 -0.021052 0.063007 0.000000 0.000000 0.000000 1.000000
-0.019151 -0.081766 -0.996468 3.511117 -0.024775 0.996383 -0.081283 97.511978 0.999510 0.023131 -0.021108 0.112340 0.000000 0.000000 0.000000 1.000000
-0.018983 -0.082573 -0.996404 3.443676 -0.026126 0.996284 -0.082065 97.530708 0.999478 0.024474 -0.021069 0.160212 0.000000 0.000000 0.000000 1.000000
-0.019030 -0.082463 -0.996412 3.378997 -0.026930 0.996274 -0.081937 97.537033 0.999456 0.025274 -0.021180 0.201626 0.000000 0.000000 0.000000 1.000000
-0.019423 -0.081654 -0.996471 3.322058 -0.027085 0.996337 -0.081115 97.531372 0.999444 0.025414 -0.021563 0.237773 0.000000 0.000000 0.000000 1.000000
-0.019793 -0.080652 -0.996546 3.275151 -0.026821 0.996425 -0.080109 97.516968 0.999444 0.025143 -0.021885 0.266169 0.000000 0.000000 0.000000 1.000000
-0.019890 -0.079601 -0.996628 3.244951 -0.026018 0.996529 -0.079074 97.490776 0.999464 0.024357 -0.021892 0.280301 0.000000 0.000000 0.000000 1.000000
-0.019757 -0.078552 -0.996714 3.226806 -0.024849 0.996639 -0.078054 97.456528 0.999496 0.023225 -0.021642 0.283922 0.000000 0.000000 0.000000 1.000000
-0.019539 -0.077527 -0.996799 3.213738 -0.023562 0.996748 -0.077062 97.419479 0.999531 0.021981 -0.021302 0.283240 0.000000 0.000000 0.000000 1.000000
-0.019372 -0.076520 -0.996880 3.206965 -0.022211 0.996854 -0.076086 97.380203 0.999566 0.020668 -0.021011 0.278410 0.000000 0.000000 0.000000 1.000000
-0.019657 -0.075373 -0.996962 3.201598 -0.021288 0.996960 -0.074954 97.350586 0.999580 0.019750 -0.021202 0.271506 0.000000 0.000000 0.000000 1.000000
-0.020040 -0.074194 -0.997042 3.196220 -0.020507 0.997063 -0.073784 97.324471 0.999589 0.018968 -0.021503 0.264370 0.000000 0.000000 0.000000 1.000000
-0.020540 -0.072976 -0.997122 3.190565 -0.019841 0.997166 -0.072570 97.301041 0.999592 0.018293 -0.021930 0.256962 0.000000 0.000000 0.000000 1.000000
-0.021154 -0.071712 -0.997201 3.184323 -0.019255 0.997268 -0.071308 97.279747 0.999591 0.017692 -0.022477 0.249298 0.000000 0.000000 0.000000 1.000000
-0.021895 -0.070393 -0.997279 3.177246 -0.018724 0.997372 -0.069989 97.259781 0.999585 0.017141 -0.023156 0.241353 0.000000 0.000000 0.000000 1.000000
-0.022754 -0.069017 -0.997356 3.169027 -0.018208 0.997477 -0.068610 97.240509 0.999575 0.016599 -0.023953 0.233066 0.000000 0.000000 0.000000 1.000000
-0.024096 -0.067428 -0.997433 3.158306 -0.017850 0.997593 -0.067007 97.225403 0.999550 0.016190 -0.025242 0.223473 0.000000 0.000000 0.000000 1.000000
-0.025705 -0.065723 -0.997507 3.150798 -0.017514 0.997713 -0.065285 97.209724 0.999516 0.015792 -0.026797 0.212624 0.000000 0.000000 0.000000 1.000000
-0.027935 -0.063747 -0.997575 3.150750 -0.017235 0.997847 -0.063281 97.192841 0.999461 0.015425 -0.028973 0.198789 0.000000 0.000000 0.000000 1.000000
-0.030152 -0.061671 -0.997641 3.154211 -0.016926 0.997983 -0.061181 97.176544 0.999402 0.015041 -0.031135 0.184448 0.000000 0.000000 0.000000 1.000000
-0.031962 -0.059586 -0.997711 3.160363 -0.016519 0.998117 -0.059081 97.161583 0.999353 0.014592 -0.032886 0.170706 0.000000 0.000000 0.000000 1.000000
-0.032764 -0.057421 -0.997812 3.175790 -0.015854 0.998253 -0.056926 97.149384 0.999337 0.013954 -0.033617 0.157635 0.000000 0.000000 0.000000 1.000000
-0.033184 -0.055215 -0.997923 3.195198 -0.015085 0.998387 -0.054739 97.137962 0.999335 0.013237 -0.033963 0.144509 0.000000 0.000000 0.000000 1.000000
-0.033467 -0.052982 -0.998034 3.217030 -0.014262 0.998518 -0.052529 97.125671 0.999338 0.012476 -0.034173 0.130404 0.000000 0.000000 0.000000 1.000000
-0.033414 -0.050663 -0.998157 3.246401 -0.013276 0.998649 -0.050244 97.109291 0.999353 0.011573 -0.034042 0.112510 0.000000 0.000000 0.000000 1.000000
-0.032813 -0.048345 -0.998292 3.283856 -0.012143 0.998775 -0.047969 97.089035 0.999388 0.010548 -0.033359 0.090615 0.000000 0.000000 0.000000 1.000000
-0.031797 -0.046452 -0.998414 3.317713 -0.011216 0.998873 -0.046116 97.071213 0.999431 0.009732 -0.032282 0.068974 0.000000 0.000000 0.000000 1.000000
-0.030464 -0.045115 -0.998517 3.342976 -0.010626 0.998939 -0.044810 97.058647 0.999479 0.009245 -0.030911 0.049218 0.000000 0.000000 0.000000 1.000000
-0.028705 -0.044444 -0.998599 3.359253 -0.010421 0.998970 -0.044161 97.051445 0.999534 0.009139 -0.029139 0.031364 0.000000 0.000000 0.000000 1.000000
-0.026672 -0.044189 -0.998667 3.370327 -0.010450 0.998980 -0.043924 97.047035 0.999590 0.009265 -0.027107 0.014490 0.000000 0.000000 0.000000 1.000000
-0.024509 -0.044119 -0.998726 3.379078 -0.010583 0.998981 -0.043870 97.043953 0.999644 0.009494 -0.024951 -0.001882 0.000000 0.000000 0.000000 1.000000
-0.022377 -0.044012 -0.998780 3.388306 -0.010697 0.998984 -0.043781 97.040619 0.999692 0.009705 -0.022825 -0.018381 0.000000 0.000000 0.000000 1.000000</float_array><technique_common><accessor source="#Hips-Matrix-animation-output-transform-array" count="113" stride="16"><param type="float4x4"/></accessor></technique_common></source><source id="Hips-Interpolations"><Name_array id="Hips-Interpolations-array" count="113">
 LINEAR LINEAR LINEAR LINEAR LINEAR LINEAR LINEAR LINEAR LINEAR LINEAR LINEAR
LINEAR LINEAR LINEAR LINEAR LINEAR LINEAR LINEAR LINEAR LINEAR LINEAR LINEAR LINEAR
LINEAR LINEAR LINEAR LINEAR LINEAR LINEAR LINEAR LINEAR LINEAR LINEAR LINEAR LINEAR
LINEAR LINEAR LINEAR LINEAR LINEAR LINEAR LINEAR LINEAR LINEAR LINEAR LINEAR LINEAR
LINEAR LINEAR LINEAR LINEAR LINEAR LINEAR LINEAR LINEAR LINEAR LINEAR LINEAR LINEAR
LINEAR LINEAR LINEAR LINEAR LINEAR LINEAR LINEAR LINEAR LINEAR LINEAR LINEAR LINEAR
LINEAR LINEAR LINEAR LINEAR LINEAR LINEAR LINEAR LINEAR LINEAR LINEAR LINEAR LINEAR
LINEAR LINEAR LINEAR LINEAR LINEAR LINEAR LINEAR LINEAR LINEAR LINEAR LINEAR LINEAR
LINEAR LINEAR LINEAR LINEAR LINEAR LINEAR LINEAR LINEAR LINEAR LINEAR LINEAR LINEAR
LINEAR LINEAR LINEAR LINEAR LINEAR LINEAR</Name_array><technique_common><accessor source="#Hips-Interpolations-array" count="113"><param type="name"/></accessor></technique_common></source><sampler id="Hips-Matrix-animation-transform"><input semantic="INPUT" source="#Hips-Matrix-animation-input"/><input semantic="OUTPUT" source="#Hips-Matrix-animation-output-transform"/><input semantic="INTERPOLATION" source="#Hips-Interpolations"/></sampler><channel source="#Hips-Matrix-animation-transform" target="Hips/matrix"/></animation>
    <animation id="Spine-anim" name="Spine"><source id="Spine-Matrix-animation-input"><float_array id="Spine-Matrix-animation-input-array" count="113">

0.000000 0.033333 0.066667 0.100000 0.133333 0.166667 0.200000 0.233333 0.266667 0.300000 0.333333 0.366667 0.400000 0.433333 0.466667 0.500000
0.533333 0.566667 0.600000 0.633333 0.666667 0.700000 0.733333 0.766667 0.800000 0.833333 0.866667 0.900000 0.933333 0.966667 1.000000 1.033333
1.066667 1.100000 1.133333 1.166667 1.200000 1.233333 1.266667 1.300000 1.333333 1.366667 1.400000 1.433333 1.466667 1.500000 1.533333 1.566667
1.600000 1.633333 1.666667 1.700000 1.733333 1.766667 1.800000 1.833333 1.866667 1.900000 1.933333 1.966667 2.000000 2.033333 2.066667 2.100000
2.133333 2.166667 2.200000 2.233333 2.266667 2.300000 2.333333 2.366667 2.400000 2.433333 2.466667 2.500000 2.533333 2.566667 2.600000 2.633333
2.666667 2.700000 2.733333 2.766667 2.800000 2.833333 2.866667 2.900000 2.933333 2.966667 3.000000 3.033333 3.066667 3.100000 3.133333 3.166667
3.200000 3.233333 3.266667 3.300000 3.333333 3.366667 3.400000 3.433333 3.466667 3.500000 3.533333 3.566667 3.600000 3.633333 3.666667 3.700000
3.733333</float_array><technique_common><accessor source="#Spine-Matrix-animation-input-array" count="113"><param name="TIME" type="float"/></accessor></technique_common></source><source id="Spine-Matrix-animation-output-transform"><float_array id="Spine-Matrix-animation-output-transform-array" count="1808">

0.989747 0.136913 -0.040683 0.000000 -0.140207 0.985661 -0.093884 10.181600 0.027245 0.098626 0.994752 0.131500 0.000000 0.000000 0.000000 1.000000
0.989797 0.136581 -0.040580 0.000000 -0.139845 0.985786 -0.093109 10.181600 0.027286 0.097834 0.994829 0.131500 0.000000 0.000000 0.000000 1.000000
0.989791 0.136631 -0.040555 -0.000000 -0.139871 0.985857 -0.092317 10.181600 0.027368 0.097047 0.994903 0.131500 0.000000 0.000000 0.000000 1.000000
0.989771 0.136773 -0.040567 0.000000 -0.139988 0.985925 -0.091403 10.181600 0.027495 0.096147 0.994987 0.131500 0.000000 0.000000 0.000000 1.000000
0.989751 0.136924 -0.040559 0.000000 -0.140111 0.985996 -0.090448 10.181600 0.027607 0.095204 0.995075 0.131500 0.000000 0.000000 0.000000 1.000000
0.989740 0.137008 -0.040534 0.000000 -0.140167 0.986073 -0.089514 10.181600 0.027705 0.094277 0.995160 0.131500 0.000000 0.000000 0.000000 1.000000
0.989734 0.137058 -0.040506 -0.000000 -0.140191 0.986144 -0.088690 10.181600 0.027790 0.093458 0.995235 0.131500 0.000000 0.000000 0.000000 1.000000
0.989731 0.137087 -0.040492 -0.000000 -0.140203 0.986191 -0.088154 10.181600 0.027849 0.092926 0.995284 0.131500 0.000000 0.000000 0.000000 1.000000
0.989730 0.137097 -0.040496 0.000000 -0.140205 0.986217 -0.087857 10.181600 0.027893 0.092633 0.995310 0.131500 0.000000 0.000000 0.000000 1.000000
0.989729 0.137092 -0.040525 0.000000 -0.140202 0.986220 -0.087825 10.181600 0.027927 0.092605 0.995311 0.131500 0.000000 0.000000 0.000000 1.000000
0.989729 0.137073 -0.040591 -0.000000 -0.140202 0.986180 -0.088274 10.181600 0.027930 0.093058 0.995269 0.131500 0.000000 0.000000 0.000000 1.000000
0.989728 0.137038 -0.040733 0.000000 -0.140206 0.986096 -0.089200 10.181600 0.027942 0.093995 0.995180 0.131500 0.000000 0.000000 0.000000 1.000000
0.989728 0.136941 -0.041047 0.000000 -0.140183 0.985957 -0.090756 10.181600 0.028043 0.095578 0.995027 0.131500 0.000000 0.000000 0.000000 1.000000
0.989729 0.136795 -0.041509 0.000000 -0.140137 0.985786 -0.092673 10.181600 0.028242 0.097538 0.994831 0.131500 0.000000 0.000000 0.000000 1.000000
0.989733 0.136618 -0.042003 0.000000 -0.140069 0.985596 -0.094768 10.181600 0.028451 0.099678 0.994613 0.131500 0.000000 0.000000 0.000000 1.000000
0.989743 0.136415 -0.042414 0.000000 -0.139965 0.985417 -0.096759 10.181600 0.028596 0.101703 0.994404 0.131500 0.000000 0.000000 0.000000 1.000000
0.989788 0.136058 -0.042526 -0.000000 -0.139667 0.985303 -0.098347 10.181600 0.028521 0.103282 0.994243 0.131500 0.000000 0.000000 0.000000 1.000000
0.989864 0.135547 -0.042380 0.000000 -0.139180 0.985244 -0.099619 10.181600 0.028252 0.104507 0.994123 0.131500 0.000000 0.000000 0.000000 1.000000
0.989951 0.134953 -0.042238 -0.000000 -0.138605 0.985212 -0.100724 10.181600 0.028020 0.105566 0.994017 0.131500 0.000000 0.000000 0.000000 1.000000
0.990045 0.134310 -0.042089 -0.000000 -0.137976 0.985203 -0.101675 10.181600 0.027811 0.106470 0.993927 0.131500 0.000000 0.000000 0.000000 1.000000
0.990142 0.133646 -0.041934 0.000000 -0.137321 0.985210 -0.102488 10.181600 0.027617 0.107236 0.993850 0.131500 0.000000 0.000000 0.000000 1.000000
0.990235 0.132995 -0.041805 0.000000 -0.136678 0.985227 -0.103183 10.181600 0.027465 0.107889 0.993783 0.131500 0.000000 0.000000 0.000000 1.000000
0.990320 0.132384 -0.041731 0.000000 -0.136079 0.985250 -0.103754 10.181600 0.027380 0.108429 0.993727 0.131500 0.000000 0.000000 0.000000 1.000000
0.990390 0.131816 -0.041853 0.000000 -0.135536 0.985288 -0.104107 10.181600 0.027514 0.108779 0.993685 0.131500 0.000000 0.000000 0.000000 1.000000
0.990434 0.131387 -0.042170 -0.000000 -0.135148 0.985325 -0.104254 10.181600 0.027854 0.108956 0.993656 0.131500 0.000000 0.000000 0.000000 1.000000
0.990457 0.131177 -0.042290 0.000000 -0.134956 0.985340 -0.104367 10.181600 0.027979 0.109078 0.993639 0.131500 0.000000 0.000000 0.000000 1.000000
0.990473 0.131044 -0.042315 0.000000 -0.134829 0.985347 -0.104465 10.181600 0.028006 0.109175 0.993628 0.131500 0.000000 0.000000 0.000000 1.000000
0.990487 0.130945 -0.042299 0.000000 -0.134731 0.985350 -0.104558 10.181600 0.027988 0.109263 0.993619 0.131500 0.000000 0.000000 0.000000 1.000000
0.990499 0.130866 -0.042258 -0.000000 -0.134650 0.985351 -0.104657 10.181600 0.027942 0.109353 0.993610 0.131500 0.000000 0.000000 0.000000 1.000000
0.990510 0.130800 -0.042202 0.000000 -0.134582 0.985347 -0.104778 10.181600 0.027879 0.109463 0.993600 0.131500 0.000000 0.000000 0.000000 1.000000
0.990519 0.130746 -0.042150 -0.000000 -0.134528 0.985338 -0.104933 10.181600 0.027812 0.109608 0.993586 0.131500 0.000000 0.000000 0.000000 1.000000
0.990529 0.130689 -0.042090 0.000000 -0.134471 0.985321 -0.105164 10.181600 0.027729 0.109828 0.993564 0.131500 0.000000 0.000000 0.000000 1.000000
0.990541 0.130633 -0.042004 0.000000 -0.134415 0.985291 -0.105517 10.181600 0.027602 0.110164 0.993530 0.131500 0.000000 0.000000 0.000000 1.000000
0.990555 0.130551 -0.041918 0.000000 -0.134340 0.985240 -0.106093 10.181600 0.027448 0.110722 0.993472 0.131500 0.000000 0.000000 0.000000 1.000000
0.990583 0.130369 -0.041826 -0.000000 -0.134170 0.985180 -0.106856 10.181600 0.027275 0.111462 0.993394 0.131500 0.000000 0.000000 0.000000 1.000000
0.990632 0.130033 -0.041711 0.000000 -0.133852 0.985105 -0.107939 10.181600 0.027054 0.112511 0.993282 0.131500 0.000000 0.000000 0.000000 1.000000
0.990694 0.129599 -0.041587 0.000000 -0.133454 0.984967 -0.109680 10.181600 0.026748 0.114209 0.993097 0.131500 0.000000 0.000000 0.000000 1.000000
0.990752 0.129189 -0.041471 -0.000000 -0.133092 0.984768 -0.111884 10.181600 0.026385 0.116369 0.992856 0.131500 0.000000 0.000000 0.000000 1.000000
0.990797 0.128878 -0.041380 0.000000 -0.132822 0.984585 -0.113802 10.181600 0.026075 0.118250 0.992641 0.131500 0.000000 0.000000 0.000000 1.000000
0.990818 0.128740 -0.041304 0.000000 -0.132703 0.984484 -0.114805 10.181600 0.025883 0.119232 0.992529 0.131500 0.000000 0.000000 0.000000 1.000000
0.990857 0.128490 -0.041143 -0.000000 -0.132455 0.984429 -0.115562 10.181600 0.025653 0.119955 0.992448 0.131500 0.000000 0.000000 0.000000 1.000000
0.990898 0.128262 -0.040865 0.000000 -0.132218 0.984357 -0.116445 10.181600 0.025290 0.120788 0.992356 0.131500 0.000000 0.000000 0.000000 1.000000
0.990928 0.128125 -0.040577 -0.000000 -0.132084 0.984195 -0.117961 10.181600 0.024822 0.122250 0.992189 0.131500 0.000000 0.000000 0.000000 1.000000
0.990950 0.127996 -0.040431 0.000000 -0.131993 0.983941 -0.120155 10.181600 0.024402 0.124404 0.991932 0.131500 0.000000 0.000000 0.000000 1.000000
0.990964 0.127902 -0.040383 0.000000 -0.131953 0.983645 -0.122601 10.181600 0.024042 0.126822 0.991634 0.131500 0.000000 0.000000 0.000000 1.000000
0.990969 0.127849 -0.040428 0.000000 -0.131969 0.983317 -0.125185 10.181600 0.023748 0.129390 0.991309 0.131500 0.000000 0.000000 0.000000 1.000000
0.990969 0.127767 -0.040686 0.000000 -0.131976 0.983021 -0.127485 10.181600 0.023706 0.131703 0.991006 0.131500 0.000000 0.000000 0.000000 1.000000
0.990968 0.127664 -0.041029 0.000000 -0.131955 0.982833 -0.128946 10.181600 0.023862 0.133196 0.990802 0.131500 0.000000 0.000000 0.000000 1.000000
0.990969 0.127503 -0.041502 -0.000000 -0.131871 0.982779 -0.129447 10.181600 0.024282 0.133751 0.990717 0.131500 0.000000 0.000000 0.000000 1.000000
0.990984 0.127313 -0.041738 0.000000 -0.131731 0.982704 -0.130157 10.181600 0.024445 0.134481 0.990615 0.131500 0.000000 0.000000 0.000000 1.000000
0.991008 0.127114 -0.041775 0.000000 -0.131554 0.982645 -0.130776 10.181600 0.024426 0.135096 0.990531 0.131500 0.000000 0.000000 0.000000 1.000000
0.991034 0.126912 -0.041781 0.000000 -0.131361 0.982638 -0.131021 10.181600 0.024428 0.135335 0.990499 0.131500 0.000000 0.000000 0.000000 1.000000
0.991054 0.126753 -0.041775 -0.000000 -0.131201 0.982665 -0.130979 10.181600 0.024448 0.135288 0.990505 0.131500 0.000000 0.000000 0.000000 1.000000
0.991072 0.126616 -0.041769 0.000000 -0.131055 0.982735 -0.130604 10.181600 0.024511 0.134912 0.990554 0.131500 0.000000 0.000000 0.000000 1.000000
0.991081 0.126544 -0.041769 0.000000 -0.130967 0.982833 -0.129950 10.181600 0.024607 0.134261 0.990640 0.131500 0.000000 0.000000 0.000000 1.000000
0.991069 0.126631 -0.041798 -0.000000 -0.131040 0.982917 -0.129237 10.181600 0.024718 0.133560 0.990732 0.131500 0.000000 0.000000 0.000000 1.000000
0.991030 0.126911 -0.041868 0.000000 -0.131311 0.982969 -0.128571 10.181600 0.024838 0.132915 0.990816 0.131500 0.000000 0.000000 0.000000 1.000000
0.990986 0.127229 -0.041951 0.000000 -0.131623 0.983000 -0.128012 10.181600 0.024951 0.132380 0.990885 0.131500 0.000000 0.000000 0.000000 1.000000
0.990948 0.127500 -0.042026 0.000000 -0.131892 0.983009 -0.127660 10.181600 0.025035 0.132047 0.990927 0.131500 0.000000 0.000000 0.000000 1.000000
0.990913 0.127742 -0.042102 0.000000 -0.132139 0.982995 -0.127517 10.181600 0.025097 0.131922 0.990942 0.131500 0.000000 0.000000 0.000000 1.000000
0.990876 0.128005 -0.042188 0.000000 -0.132412 0.982954 -0.127545 10.181600 0.025143 0.131967 0.990935 0.131500 0.000000 0.000000 0.000000 1.000000
0.990828 0.128341 -0.042292 0.000000 -0.132761 0.982898 -0.127619 10.181600 0.025190 0.132063 0.990921 0.131500 0.000000 0.000000 0.000000 1.000000
0.990776 0.128693 -0.042449 0.000000 -0.133133 0.982838 -0.127691 10.181600 0.025288 0.132164 0.990905 0.131500 0.000000 0.000000 0.000000 1.000000
0.990730 0.128993 -0.042607 0.000000 -0.133453 0.982788 -0.127739 10.181600 0.025397 0.132240 0.990892 0.131500 0.000000 0.000000 0.000000 1.000000
0.990698 0.129184 -0.042764 0.000000 -0.133663 0.982760 -0.127738 10.181600 0.025525 0.132266 0.990886 0.131500 0.000000 0.000000 0.000000 1.000000
0.990712 0.128975 -0.043081 -0.000000 -0.133492 0.982808 -0.127550 10.181600 0.025890 0.132117 0.990896 0.131500 0.000000 0.000000 0.000000 1.000000
0.990777 0.128348 -0.043446 0.000000 -0.132910 0.982933 -0.127192 10.181600 0.026379 0.131793 0.990926 0.131500 0.000000 0.000000 0.000000 1.000000
0.990849 0.127753 -0.043548 0.000000 -0.132326 0.983041 -0.126963 10.181600 0.026590 0.131563 0.990951 0.131500 0.000000 0.000000 0.000000 1.000000
0.990927 0.127182 -0.043453 0.000000 -0.131744 0.983135 -0.126841 10.181600 0.026588 0.131414 0.990971 0.131500 0.000000 0.000000 0.000000 1.000000
0.991008 0.126597 -0.043315 0.000000 -0.131144 0.983226 -0.126763 10.181600 0.026541 0.131304 0.990987 0.131500 0.000000 0.000000 0.000000 1.000000
0.991090 0.126012 -0.043141 0.000000 -0.130539 0.983314 -0.126705 10.181600 0.026455 0.131207 0.991002 0.131500 0.000000 0.000000 0.000000 1.000000
0.991171 0.125446 -0.042937 0.000000 -0.129948 0.983401 -0.126635 10.181600 0.026338 0.131096 0.991020 0.131500 0.000000 0.000000 0.000000 1.000000
0.991249 0.124919 -0.042670 0.000000 -0.129388 0.983489 -0.126527 10.181600 0.026160 0.130940 0.991045 0.131500 0.000000 0.000000 0.000000 1.000000
0.991314 0.124527 -0.042309 0.000000 -0.128945 0.983576 -0.126302 10.181600 0.025886 0.130661 0.991089 0.131500 0.000000 0.000000 0.000000 1.000000
0.991341 0.124354 -0.042172 -0.000000 -0.128745 0.983656 -0.125883 10.181600 0.025829 0.130223 0.991148 0.131500 0.000000 0.000000 0.000000 1.000000
0.991325 0.124498 -0.042136 0.000000 -0.128868 0.983713 -0.125309 10.181600 0.025849 0.129652 0.991223 0.131500 0.000000 0.000000 0.000000 1.000000
0.991299 0.124714 -0.042111 -0.000000 -0.129060 0.983780 -0.124580 10.181600 0.025891 0.128931 0.991316 0.131500 0.000000 0.000000 0.000000 1.000000
0.991263 0.125001 -0.042091 0.000000 -0.129319 0.983858 -0.123690 10.181600 0.025950 0.128052 0.991428 0.131500 0.000000 0.000000 0.000000 1.000000
0.991219 0.125359 -0.042083 0.000000 -0.129649 0.983935 -0.122732 10.181600 0.026021 0.127110 0.991547 0.131500 0.000000 0.000000 0.000000 1.000000
0.991162 0.125804 -0.042091 0.000000 -0.130064 0.984009 -0.121697 10.181600 0.026108 0.126095 0.991674 0.131500 0.000000 0.000000 0.000000 1.000000
0.991109 0.126222 -0.042092 -0.000000 -0.130451 0.984086 -0.120654 10.181600 0.026193 0.125072 0.991802 0.131500 0.000000 0.000000 0.000000 1.000000
0.991071 0.126522 -0.042073 -0.000000 -0.130721 0.984175 -0.119635 10.181600 0.026270 0.124067 0.991926 0.131500 0.000000 0.000000 0.000000 1.000000
0.991067 0.126576 -0.042012 0.000000 -0.130740 0.984293 -0.118633 10.181600 0.026336 0.123066 0.992049 0.131500 0.000000 0.000000 0.000000 1.000000
0.991073 0.126551 -0.041949 0.000000 -0.130681 0.984421 -0.117637 10.181600 0.026408 0.122069 0.992170 0.131500 0.000000 0.000000 0.000000 1.000000
0.991071 0.126582 -0.041899 0.000000 -0.130684 0.984517 -0.116821 10.181600 0.026463 0.121254 0.992269 0.131500 0.000000 0.000000 0.000000 1.000000
0.991039 0.126823 -0.041917 0.000000 -0.130911 0.984551 -0.116283 10.181600 0.026522 0.120728 0.992331 0.131500 0.000000 0.000000 0.000000 1.000000
0.990969 0.127346 -0.041995 0.000000 -0.131425 0.984549 -0.115722 10.181600 0.026610 0.120196 0.992393 0.131500 0.000000 0.000000 0.000000 1.000000
0.990868 0.128086 -0.042120 0.000000 -0.132157 0.984529 -0.115052 10.181600 0.026731 0.119568 0.992466 0.131500 0.000000 0.000000 0.000000 1.000000
0.990764 0.128852 -0.042245 0.000000 -0.132913 0.984514 -0.114307 10.181600 0.026863 0.118867 0.992547 0.131500 0.000000 0.000000 0.000000 1.000000
0.990679 0.129470 -0.042336 0.000000 -0.133516 0.984527 -0.113489 10.181600 0.026987 0.118084 0.992637 0.131500 0.000000 0.000000 0.000000 1.000000
0.990583 0.130172 -0.042429 0.000000 -0.134192 0.984572 -0.112292 10.181600 0.027157 0.116929 0.992769 0.131500 0.000000 0.000000 0.000000 1.000000
0.990473 0.130983 -0.042513 0.000000 -0.134969 0.984626 -0.110880 10.181600 0.027336 0.115562 0.992924 0.131500 0.000000 0.000000 0.000000 1.000000
0.990366 0.131782 -0.042536 0.000000 -0.135734 0.984649 -0.109736 10.181600 0.027422 0.114452 0.993050 0.131500 0.000000 0.000000 0.000000 1.000000
0.990252 0.132660 -0.042454 -0.000000 -0.136553 0.984716 -0.108114 10.181600 0.027462 0.112857 0.993232 0.131500 0.000000 0.000000 0.000000 1.000000
0.990131 0.133605 -0.042312 0.000000 -0.137425 0.984800 -0.106225 10.181600 0.027477 0.110991 0.993441 0.131500 0.000000 0.000000 0.000000 1.000000
0.990011 0.134540 -0.042167 -0.000000 -0.138284 0.984894 -0.104214 10.181600 0.027509 0.109004 0.993661 0.131500 0.000000 0.000000 0.000000 1.000000
0.989918 0.135260 -0.042026 -0.000000 -0.138932 0.985003 -0.102304 10.181600 0.027558 0.107111 0.993865 0.131500 0.000000 0.000000 0.000000 1.000000
0.989839 0.135882 -0.041882 -0.000000 -0.139484 0.985116 -0.100451 10.181600 0.027609 0.105272 0.994060 0.131500 0.000000 0.000000 0.000000 1.000000
0.989773 0.136403 -0.041751 0.000000 -0.139939 0.985234 -0.098651 10.181600 0.027679 0.103484 0.994246 0.131500 0.000000 0.000000 0.000000 1.000000
0.989738 0.136687 -0.041646 0.000000 -0.140164 0.985368 -0.096970 10.181600 0.027783 0.101812 0.994416 0.131500 0.000000 0.000000 0.000000 1.000000
0.989739 0.136729 -0.041503 -0.000000 -0.140148 0.985521 -0.095425 10.181600 0.027855 0.100262 0.994571 0.131500 0.000000 0.000000 0.000000 1.000000
0.989739 0.136771 -0.041355 0.000000 -0.140138 0.985652 -0.094084 10.181600 0.027894 0.098914 0.994705 0.131500 0.000000 0.000000 0.000000 1.000000
0.989741 0.136819 -0.041154 -0.000000 -0.140144 0.985723 -0.093330 10.181600 0.027797 0.098140 0.994784 0.131500 0.000000 0.000000 0.000000 1.000000
0.989743 0.136866 -0.040947 0.000000 -0.140156 0.985769 -0.092816 10.181600 0.027661 0.097603 0.994841 0.131500 0.000000 0.000000 0.000000 1.000000
0.989745 0.136913 -0.040731 0.000000 -0.140172 0.985803 -0.092437 10.181600 0.027497 0.097198 0.994885 0.131500 0.000000 0.000000 0.000000 1.000000
0.989746 0.136935 -0.040634 0.000000 -0.140184 0.985799 -0.092456 10.181600 0.027396 0.097204 0.994887 0.131500 0.000000 0.000000 0.000000 1.000000
0.989747 0.136927 -0.040652 0.000000 -0.140193 0.985750 -0.092969 10.181600 0.027342 0.097715 0.994839 0.131500 0.000000 0.000000 0.000000 1.000000
0.989747 0.136919 -0.040668 0.000000 -0.140201 0.985699 -0.093492 10.181600 0.027286 0.098235 0.994789 0.131500 0.000000 0.000000 0.000000 1.000000
0.989747 0.136914 -0.040680 0.000000 -0.140206 0.985669 -0.093804 10.181600 0.027254 0.098546 0.994759 0.131500 0.000000 0.000000 0.000000 1.000000
0.989747 0.136913 -0.040682 -0.000000 -0.140207 0.985661 -0.093884 10.181600 0.027244 0.098626 0.994752 0.131500 0.000000 0.000000 0.000000 1.000000
0.989747 0.136913 -0.040684 0.000000 -0.140207 0.985661 -0.093884 10.181600 0.027246 0.098626 0.994752 0.131500 0.000000 0.000000 0.000000 1.000000
0.989747 0.136913 -0.040683 0.000000 -0.140206 0.985661 -0.093884 10.181600 0.027245 0.098626 0.994752 0.131500 0.000000 0.000000 0.000000 1.000000
0.989747 0.136913 -0.040684 0.000000 -0.140207 0.985661 -0.093885 10.181600 0.027246 0.098626 0.994751 0.131500 0.000000 0.000000 0.000000 1.000000</float_array><technique_common><accessor source="#Spine-Matrix-animation-output-transform-array" count="113" stride="16"><param type="float4x4"/></accessor></technique_common></source><source id="Spine-Interpolations"><Name_array id="Spine-Interpolations-array" count="113">
 LINEAR LINEAR LINEAR LINEAR LINEAR LINEAR LINEAR LINEAR LINEAR LINEAR LINEAR
LINEAR LINEAR LINEAR LINEAR LINEAR LINEAR LINEAR LINEAR LINEAR LINEAR LINEAR LINEAR
LINEAR LINEAR LINEAR LINEAR LINEAR LINEAR LINEAR LINEAR LINEAR LINEAR LINEAR LINEAR
LINEAR LINEAR LINEAR LINEAR LINEAR LINEAR LINEAR LINEAR LINEAR LINEAR LINEAR LINEAR
LINEAR LINEAR LINEAR LINEAR LINEAR LINEAR LINEAR LINEAR LINEAR LINEAR LINEAR LINEAR
LINEAR LINEAR LINEAR LINEAR LINEAR LINEAR LINEAR LINEAR LINEAR LINEAR LINEAR LINEAR
LINEAR LINEAR LINEAR LINEAR LINEAR LINEAR LINEAR LINEAR LINEAR LINEAR LINEAR LINEAR
LINEAR LINEAR LINEAR LINEAR LINEAR LINEAR LINEAR LINEAR LINEAR LINEAR LINEAR LINEAR
LINEAR LINEAR LINEAR LINEAR LINEAR LINEAR LINEAR LINEAR LINEAR LINEAR LINEAR LINEAR
