<?xml version="1.0" encoding="utf-8"?>
<COLLADA xmlns="http://www.collada.org/2005/11/COLLADASchema" version="1.4.1">
  <asset><contributor><author>Mixamo</author><authoring_tool>COLLADA Mixamo exporter</authoring_tool><comments></comments></contributor><created>2018-11-02T16:01:57Z</created><modified>2018-11-02T16:01:57Z</modified><revision></revision><title></title><unit meter="0.010000"/><up_axis>Y_UP</up_axis></asset>
  <library_animations>
    <animation id="Hips-anim" name="Hips"><source id="Hips-Matrix-animation-input"><float_array id="Hips-Matrix-animation-input-array" count="23">

0.000000 0.033333 0.066667 0.100000 0.133333 0.166667 0.200000 0.233333 0.266667 0.300000 0.333333 0.366667 0.400000 0.433333 0.466667 0.500000
0.533333 0.566667 0.600000 0.633333 0.666667 0.700000 0.733333</float_array><technique_common><accessor source="#Hips-Matrix-animation-input-array" count="23"><param name="TIME" type="float"/></accessor></technique_common></source><source id="Hips-Matrix-animation-output-transform"><float_array id="Hips-Matrix-animation-output-transform-array" count="368">

0.467338 -0.083750 -0.880103 -0.000006 0.030092 0.996433 -0.078842 93.965210 0.883566 0.010362 0.468191 -0.000010 0.000000 0.000000 0.000000 1.000000
0.466459 -0.210150 -0.859216 -1.179554 0.009325 0.972482 -0.232791 93.390678 0.884494 0.100575 0.455583 -1.329594 0.000000 0.000000 0.000000 1.000000
0.474531 -0.340884 -0.811553 -2.641548 -0.013752 0.918986 -0.394051 91.805099 0.880132 0.198150 0.431399 -1.957374 0.000000 0.000000 0.000000 1.000000
0.462305 -0.417135 -0.782478 -0.173941 -0.009198 0.880137 -0.474631 88.524597 0.886673 0.226622 0.403055 -3.266394 0.000000 0.000000 0.000000 1.000000
0.438837 -0.416742 -0.796083 2.224288 -0.013299 0.882838 -0.469489 87.299507 0.898468 0.216616 0.381880 -4.719082 0.000000 0.000000 0.000000 1.000000
0.420294 -0.384092 -0.822087 3.660830 -0.007574 0.904476 -0.426458 87.490112 0.907356 0.185464 0.377237 -5.051682 0.000000 0.000000 0.000000 1.000000
0.407927 -0.351264 -0.842739 4.562905 -0.002075 0.922670 -0.385585 87.790161 0.913012 0.159039 0.375653 -4.921103 0.000000 0.000000 0.000000 1.000000
0.401675 -0.312241 -0.860908 4.819026 -0.006091 0.939148 -0.343459 88.208290 0.915762 0.143203 0.375330 -4.502112 0.000000 0.000000 0.000000 1.000000
0.411520 -0.265208 -0.871961 4.087533 -0.012479 0.954997 -0.296353 88.831161 0.911315 0.132837 0.389690 -3.718991 0.000000 0.000000 0.000000 1.000000
0.419276 -0.229518 -0.878367 3.073673 -0.014265 0.965730 -0.259155 89.390923 0.907747 0.121187 0.401633 -2.903296 0.000000 0.000000 0.000000 1.000000
0.420768 -0.200677 -0.884694 2.020514 -0.013899 0.973685 -0.227473 89.929146 0.907062 0.108010 0.406906 -2.112349 0.000000 0.000000 0.000000 1.000000
0.418320 -0.177445 -0.890798 1.042798 -0.011517 0.979617 -0.200546 90.485291 0.908227 0.094152 0.407750 -1.402579 0.000000 0.000000 0.000000 1.000000
0.419465 -0.158184 -0.893883 0.317912 -0.005343 0.984253 -0.176683 91.017815 0.907756 0.078889 0.412014 -0.859905 0.000000 0.000000 0.000000 1.000000
0.419943 -0.142629 -0.896273 -0.183047 0.000667 0.987622 -0.156853 91.506973 0.907550 0.065271 0.414840 -0.463601 0.000000 0.000000 0.000000 1.000000
0.424580 -0.128705 -0.896196 -0.514474 0.007873 0.990332 -0.138494 91.937271 0.905356 0.051746 0.421488 -0.254571 0.000000 0.000000 0.000000 1.000000
0.434092 -0.117889 -0.893122 -0.686158 0.015406 0.992227 -0.123483 92.301033 0.900737 0.039843 0.432534 -0.136862 0.000000 0.000000 0.000000 1.000000
0.442963 -0.109026 -0.889886 -0.736283 0.021303 0.993578 -0.111126 92.637383 0.896287 0.030268 0.442441 -0.075124 0.000000 0.000000 0.000000 1.000000
0.450024 -0.101393 -0.887242 -0.714924 0.026186 0.994605 -0.100380 92.961502 0.892632 0.021940 0.450251 -0.038737 0.000000 0.000000 0.000000 1.000000
0.455646 -0.094934 -0.885084 -0.640382 0.029983 0.995369 -0.091328 93.257668 0.889656 0.015076 0.456382 -0.014077 0.000000 0.000000 0.000000 1.000000
0.459472 -0.089949 -0.883626 -0.504124 0.031754 0.995886 -0.084865 93.488205 0.887624 0.010935 0.460438 -0.002342 0.000000 0.000000 0.000000 1.000000
0.462235 -0.086547 -0.882524 -0.340622 0.032116 0.996207 -0.080875 93.665924 0.886175 0.009040 0.463262 0.001500 0.000000 0.000000 0.000000 1.000000
0.464601 -0.084549 -0.881474 -0.185289 0.031778 0.996382 -0.078822 93.809380 0.884950 0.008609 0.465607 0.002380 0.000000 0.000000 0.000000 1.000000
0.466615 -0.083883 -0.880474 -0.054620 0.030922 0.996431 -0.078543 93.926163 0.883920 0.009423 0.467544 0.003001 0.000000 0.000000 0.000000 1.000000</float_array><technique_common><accessor source="#Hips-Matrix-animation-output-transform-array" count="23" stride="16"><param type="float4x4"/></accessor></technique_common></source><source id="Hips-Interpolations"><Name_array id="Hips-Interpolations-array" count="23">
 LINEAR LINEAR LINEAR LINEAR LINEAR LINEAR LINEAR LINEAR LINEAR LINEAR LINEAR
LINEAR LINEAR LINEAR LINEAR LINEAR LINEAR LINEAR LINEAR LINEAR LINEAR LINEAR LINEAR</Name_array><technique_common><accessor source="#Hips-Interpolations-array" count="23"><param type="name"/></accessor></technique_common></source><sampler id="Hips-Matrix-animation-transform"><input semantic="INPUT" source="#Hips-Matrix-animation-input"/><input semantic="OUTPUT" source="#Hips-Matrix-animation-output-transform"/><input semantic="INTERPOLATION" source="#Hips-Interpolations"/></sampler><channel source="#Hips-Matrix-animation-transform" target="Hips/matrix"/></animation>
    <animation id="Spine-anim" name="Spine"><source id="Spine-Matrix-animation-input"><float_array id="Spine-Matrix-animation-input-array" count="23">

0.000000 0.033333 0.066667 0.100000 0.133333 0.166667 0.200000 0.233333 0.266667 0.300000 0.333333 0.366667 0.400000 0.433333 0.466667 0.500000
0.533333 0.566667 0.600000 0.633333 0.666667 0.700000 0.733333</float_array><technique_common><accessor source="#Spine-Matrix-animation-input-array" count="23"><param name="TIME" type="float"/></accessor></technique_common></source><source id="Spine-Matrix-animation-output-transform"><float_array id="Spine-Matrix-animation-output-transform-array" count="368">

0.997177 0.074918 -0.005031 0.000000 -0.073648 0.962826 -0.259889 10.181600 -0.014626 0.259526 0.965625 0.131500 0.000000 0.000000 0.000000 1.000000
0.997160 0.075220 -0.003841 0.000000 -0.074278 0.973670 -0.215523 10.181600 -0.012472 0.215197 0.976491 0.131500 0.000000 0.000000 0.000000 1.000000
0.997062 0.076593 -0.000298 -0.000000 -0.075666 0.984375 -0.159000 10.181600 -0.011885 0.158555 0.987279 0.131500 0.000000 0.000000 0.000000 1.000000
0.996803 0.079703 0.005623 -0.000000 -0.076994 0.976966 -0.199023 10.181600 -0.021356 0.197954 0.979979 0.131500 0.000000 0.000000 0.000000 1.000000
0.997464 0.070808 0.007193 -0.000000 -0.066305 0.961228 -0.267666 10.181600 -0.025867 0.266510 0.963485 0.131500 0.000000 0.000000 0.000000 1.000000
0.997326 0.073047 -0.002250 0.000000 -0.069914 0.944679 -0.320460 10.181600 -0.021283 0.319760 0.947259 0.131500 0.000000 0.000000 0.000000 1.000000
0.997106 0.075133 -0.011569 -0.000000 -0.074393 0.933117 -0.351793 10.181600 -0.015636 0.351635 0.936007 0.131500 0.000000 0.000000 0.000000 1.000000
0.996722 0.078863 -0.018060 0.000000 -0.080041 0.928671 -0.362164 10.181600 -0.011790 0.362422 0.931939 0.131500 0.000000 0.000000 0.000000 1.000000
0.995831 0.088663 -0.021449 0.000000 -0.090484 0.930263 -0.355561 10.181600 -0.011572 0.356019 0.934407 0.131500 0.000000 0.000000 0.000000 1.000000
0.995507 0.092160 -0.021751 0.000000 -0.094016 0.934590 -0.343079 10.181600 -0.011289 0.343582 0.939055 0.131500 0.000000 0.000000 0.000000 1.000000
0.995425 0.093460 -0.019850 0.000000 -0.094773 0.939489 -0.329209 10.181600 -0.012119 0.329584 0.944049 0.131500 0.000000 0.000000 0.000000 1.000000
0.995473 0.093514 -0.016995 0.000000 -0.094079 0.944033 -0.316149 10.181600 -0.013521 0.316317 0.948557 0.131500 0.000000 0.000000 0.000000 1.000000
0.995617 0.092382 -0.014552 0.000000 -0.092398 0.947631 -0.305711 10.181600 -0.014452 0.305716 0.952013 0.131500 0.000000 0.000000 0.000000 1.000000
0.995783 0.091037 -0.011350 0.000000 -0.090317 0.951052 -0.295538 10.181600 -0.016110 0.295316 0.955264 0.131500 0.000000 0.000000 0.000000 1.000000
0.995968 0.089224 -0.009287 -0.000000 -0.088111 0.953569 -0.287997 10.181600 -0.016841 0.287654 0.957586 0.131500 0.000000 0.000000 0.000000 1.000000
0.996188 0.086755 -0.009136 0.000000 -0.085811 0.955689 -0.281595 10.181600 -0.015698 0.281305 0.959490 0.131500 0.000000 0.000000 0.000000 1.000000
0.996469 0.083507 -0.008696 -0.000000 -0.082649 0.957442 -0.276538 10.181600 -0.014767 0.276281 0.960964 0.131500 0.000000 0.000000 0.000000 1.000000
0.996675 0.081053 -0.008313 0.000000 -0.080238 0.958663 -0.272998 10.181600 -0.014158 0.272757 0.961979 0.131500 0.000000 0.000000 0.000000 1.000000
0.996800 0.079526 -0.008074 0.000000 -0.078746 0.959599 -0.270129 10.181600 -0.013735 0.269900 0.962790 0.131500 0.000000 0.000000 0.000000 1.000000
0.996899 0.078322 -0.007647 -0.000000 -0.077519 0.960630 -0.266797 10.181600 -0.013550 0.266562 0.963722 0.131500 0.000000 0.000000 0.000000 1.000000
0.997002 0.077051 -0.007143 0.000000 -0.076201 0.961541 -0.263878 10.181600 -0.013463 0.263631 0.964530 0.131500 0.000000 0.000000 0.000000 1.000000
0.997100 0.075831 -0.006418 0.000000 -0.074866 0.962260 -0.261630 10.181600 -0.013664 0.261351 0.965147 0.131500 0.000000 0.000000 0.000000 1.000000
0.997177 0.074895 -0.005434 -0.000000 -0.073729 0.962791 -0.259994 10.181600 -0.014241 0.259660 0.965595 0.131500 0.000000 0.000000 0.000000 1.000000</float_array><technique_common><accessor source="#Spine-Matrix-animation-output-transform-array" count="23" stride="16"><param type="float4x4"/></accessor></technique_common></source><source id="Spine-Interpolations"><Name_array id="Spine-Interpolations-array" count="23">
 LINEAR LINEAR LINEAR LINEAR LINEAR LINEAR LINEAR LINEAR LINEAR LINEAR LINEAR
LINEAR LINEAR LINEAR LINEAR LINEAR LINEAR LINEAR LINEAR LINEAR LINEAR LINEAR LINEAR</Name_array><technique_common><accessor source="#Spine-Interpolations-array" count="23"><param type="name"/></accessor></technique_common></source><sampler id="Spine-Matrix-animation-transform"><input semantic="INPUT" source="#Spine-Matrix-animation-input"/><input semantic="OUTPUT" source="#Spine-Matrix-animation-output-transform"/><input semantic="INTERPOLATION" source="#Spine-Interpolations"/></sampler><channel source="#Spine-Matrix-animation-transform" target="Spine/matrix"/></animation>
    <animation id="Spine1-anim" name="Spine1"><source id="Spine1-Matrix-animation-input"><float_array id="Spine1-Matrix-animation-input-array" count="23">

0.000000 0.033333 0.066667 0.100000 0.133333 0.166667 0.200000 0.233333 0.266667 0.300000 0.333333 0.366667 0.400000 0.433333 0.466667 0.500000
0.533333 0.566667 0.600000 0.633333 0.666667 0.700000 0.733333</float_array><technique_common><accessor source="#Spine1-Matrix-animation-input-array" count="23"><param name="TIME" type="float"/></accessor></technique_common></source><source id="Spine1-Matrix-animation-output-transform"><float_array id="Spine1-Matrix-animation-output-transform-array" count="368">

0.998759 0.048816 0.009842 -0.000000 -0.047557 0.993615 -0.102308 10.083500 -0.014774 0.101713 0.994704 -1.000800 0.000000 0.000000 0.000000 1.000000
0.999240 0.037801 0.009530 0.000000 -0.037673 0.999203 -0.013226 10.083500 -0.010023 0.012857 0.999867 -1.000800 0.000000 0.000000 0.000000 1.000000
0.999727 0.021500 0.009162 -0.000000 -0.022082 0.997370 0.069032 10.083500 -0.007653 -0.069216 0.997572 -1.000800 0.000000 0.000000 0.000000 1.000000
0.999764 0.012583 0.017735 -0.000000 -0.012575 0.999921 -0.000552 10.083500 -0.017741 0.000328 0.999843 -1.000800 0.000000 0.000000 0.000000 1.000000
0.999720 0.013577 0.019372 0.000000 -0.011322 0.993632 -0.112102 10.083500 -0.020771 0.111851 0.993508 -1.000800 0.000000 0.000000 0.000000 1.000000
0.999711 0.022732 0.007863 -0.000000 -0.020907 0.982844 -0.183249 10.083500 -0.011894 0.183032 0.983035 -1.000800 0.000000 0.000000 0.000000 1.000000
0.999373 0.035213 -0.003569 0.000000 -0.035127 0.974442 -0.221876 10.083500 -0.004335 0.221862 0.975068 -1.000800 0.000000 0.000000 0.000000 1.000000
0.998899 0.045590 -0.011062 0.000000 -0.046913 0.971228 -0.233485 10.083500 0.000099 0.233747 0.972297 -1.000800 0.000000 0.000000 0.000000 1.000000
0.998893 0.045269 -0.012760 0.000000 -0.046971 0.974022 -0.221529 10.083500 0.002401 0.221883 0.975070 -1.000800 0.000000 0.000000 0.000000 1.000000
0.998815 0.047250 -0.011652 0.000000 -0.048634 0.977693 -0.204333 10.083500 0.001738 0.204657 0.978832 -1.000800 0.000000 0.000000 0.000000 1.000000
0.998667 0.051037 -0.007768 0.000000 -0.051586 0.980779 -0.188178 10.083500 -0.001985 0.188328 0.982104 -1.000800 0.000000 0.000000 0.000000 1.000000
0.998496 0.054751 -0.002811 0.000000 -0.054410 0.983395 -0.173129 10.083500 -0.006715 0.173022 0.984895 -1.000800 0.000000 0.000000 0.000000 1.000000
0.998446 0.055720 0.000912 -0.000000 -0.054862 0.985682 -0.159441 10.083500 -0.009783 0.159144 0.987207 -1.000800 0.000000 0.000000 0.000000 1.000000
0.998395 0.056333 0.005751 0.000000 -0.054879 0.987626 -0.146913 10.083500 -0.013956 0.146361 0.989133 -1.000800 0.000000 0.000000 0.000000 1.000000
0.998362 0.056586 0.008473 -0.000000 -0.054877 0.988899 -0.138081 10.083500 -0.016192 0.137390 0.990385 -1.000800 0.000000 0.000000 0.000000 1.000000
0.998418 0.055705 0.007690 -0.000000 -0.054223 0.989918 -0.130849 10.083500 -0.014901 0.130225 0.991372 -1.000800 0.000000 0.000000 0.000000 1.000000
0.998511 0.054074 0.007133 0.000000 -0.052762 0.990761 -0.124939 10.083500 -0.013823 0.124377 0.992139 -1.000800 0.000000 0.000000 0.000000 1.000000
0.998574 0.052955 0.006830 0.000000 -0.051753 0.991399 -0.120207 10.083500 -0.013137 0.119682 0.992725 -1.000800 0.000000 0.000000 0.000000 1.000000
0.998600 0.052500 0.006514 0.000000 -0.051392 0.991919 -0.115994 10.083500 -0.012551 0.115497 0.993229 -1.000800 0.000000 0.000000 0.000000 1.000000
0.998610 0.052283 0.006747 0.000000 -0.051203 0.992411 -0.111798 10.083500 -0.012540 0.111297 0.993708 -1.000800 0.000000 0.000000 0.000000 1.000000
0.998635 0.051729 0.007224 -0.000000 -0.050650 0.992874 -0.107873 10.083500 -0.012753 0.107360 0.994138 -1.000800 0.000000 0.000000 0.000000 1.000000
0.998671 0.050910 0.007986 0.000000 -0.049793 0.993226 -0.104993 10.083500 -0.013277 0.104456 0.994441 -1.000800 0.000000 0.000000 0.000000 1.000000
0.998715 0.049842 0.009211 0.000000 -0.048630 0.993482 -0.103092 10.083500 -0.014289 0.102511 0.994629 -1.000800 0.000000 0.000000 0.000000 1.000000</float_array><technique_common><accessor source="#Spine1-Matrix-animation-output-transform-array" count="23" stride="16"><param type="float4x4"/></accessor></technique_common></source><source id="Spine1-Interpolations"><Name_array id="Spine1-Interpolations-array" count="23">
 LINEAR LINEAR LINEAR LINEAR LINEAR LINEAR LINEAR LINEAR LINEAR LINEAR LINEAR
LINEAR LINEAR LINEAR LINEAR LINEAR LINEAR LINEAR LINEAR LINEAR LINEAR LINEAR LINEAR</Name_array><technique_common><accessor source="#Spine1-Interpolations-array" count="23"><param type="name"/></accessor></technique_common></source><sampler id="Spine1-Matrix-animation-transform"><input semantic="INPUT" source="#Spine1-Matrix-animation-input"/><input semantic="OUTPUT" source="#Spine1-Matrix-animation-output-transform"/><input semantic="INTERPOLATION" source="#Spine1-Interpolations"/></sampler><channel source="#Spine1-Matrix-animation-transform" target="Spine1/matrix"/></animation>
    <animation id="Spine2-anim" name="Spine2"><source id="Spine2-Matrix-animation-input"><float_array id="Spine2-Matrix-animation-input-array" count="23">

0.000000 0.033333 0.066667 0.100000 0.133333 0.166667 0.200000 0.233333 0.266667 0.300000 0.333333 0.366667 0.400000 0.433333 0.466667 0.500000
0.533333 0.566667 0.600000 0.633333 0.666667 0.700000 0.733333</float_array><technique_common><accessor source="#Spine2-Matrix-animation-input-array" count="23"><param name="TIME" type="float"/></accessor></technique_common></source><source id="Spine2-Matrix-animation-output-transform"><float_array id="Spine2-Matrix-animation-output-transform-array" count="368">

0.998690 0.049895 0.011313 -0.000000 -0.048482 0.993577 -0.102243 9.100000 -0.016341 0.101561 0.994695 -1.373400 0.000000 0.000000 0.000000 1.000000
0.999149 0.039758 0.011006 0.000000 -0.039610 0.999126 -0.013345 9.100000 -0.011527 0.012898 0.999850 -1.373400 0.000000 0.000000 0.000000 1.000000
0.999643 0.024448 0.010802 0.000000 -0.025134 0.997318 0.068732 9.100000 -0.009093 -0.068979 0.997577 -1.373400 0.000000 0.000000 0.000000 1.000000
0.999673 0.015691 0.020212 -0.000000 -0.015678 0.999877 -0.000757 9.100000 -0.020222 0.000440 0.999795 -1.373400 0.000000 0.000000 0.000000 1.000000
0.999609 0.016468 0.022604 0.000000 -0.013831 0.993588 -0.112215 9.100000 -0.024307 0.111858 0.993427 -1.373400 0.000000 0.000000 0.000000 1.000000
0.999631 0.024742 0.011184 0.000000 -0.022274 0.982795 -0.183353 9.100000 -0.015528 0.183036 0.982984 -1.373400 0.000000 0.000000 0.000000 1.000000
0.999343 0.036222 -0.000803 0.000000 -0.035497 0.974408 -0.221965 9.100000 -0.007257 0.221848 0.975054 -1.373400 0.000000 0.000000 0.000000 1.000000
0.998905 0.045960 -0.008739 0.000000 -0.046730 0.971217 -0.233569 9.100000 -0.002247 0.233721 0.972301 -1.373400 0.000000 0.000000 0.000000 1.000000
0.998906 0.045713 -0.009902 0.000000 -0.046771 0.973993 -0.221698 9.100000 -0.000490 0.221919 0.975065 -1.373400 0.000000 0.000000 0.000000 1.000000
0.998820 0.047761 -0.008833 0.000000 -0.048558 0.977658 -0.204516 9.100000 -0.001132 0.204703 0.978823 -1.373400 0.000000 0.000000 0.000000 1.000000
0.998650 0.051676 -0.005257 -0.000000 -0.051741 0.980744 -0.188318 9.100000 -0.004575 0.188336 0.982094 -1.373400 0.000000 0.000000 0.000000 1.000000
0.998456 0.055536 -0.000665 0.000000 -0.054812 0.983359 -0.173205 9.100000 -0.008965 0.172974 0.984886 -1.373400 0.000000 0.000000 0.000000 1.000000
0.998393 0.056604 0.002850 0.000000 -0.055426 0.985644 -0.159478 9.100000 -0.011836 0.159064 0.987197 -1.373400 0.000000 0.000000 0.000000 1.000000
0.998325 0.057362 0.007504 0.000000 -0.055641 0.987585 -0.146901 9.100000 -0.015838 0.146238 0.989123 -1.373400 0.000000 0.000000 0.000000 1.000000
0.998284 0.057675 0.010096 -0.000000 -0.055734 0.988857 -0.138043 9.100000 -0.017945 0.137243 0.990375 -1.373400 0.000000 0.000000 0.000000 1.000000
0.998344 0.056766 0.009283 0.000000 -0.055068 0.989876 -0.130815 9.100000 -0.016615 0.130087 0.991363 -1.373400 0.000000 0.000000 0.000000 1.000000
0.998443 0.055103 0.008702 0.000000 -0.053588 0.990720 -0.124906 9.100000 -0.015504 0.124245 0.992130 -1.373400 0.000000 0.000000 0.000000 1.000000
0.998508 0.053963 0.008369 0.000000 -0.052570 0.991360 -0.120171 9.100000 -0.014782 0.119552 0.992718 -1.373400 0.000000 0.000000 0.000000 1.000000
0.998536 0.053486 0.008010 0.000000 -0.052199 0.991882 -0.115958 9.100000 -0.014147 0.115370 0.993222 -1.373400 0.000000 0.000000 0.000000 1.000000
0.998546 0.053271 0.008206 -0.000000 -0.052023 0.992373 -0.111759 9.100000 -0.014097 0.111169 0.993702 -1.373400 0.000000 0.000000 0.000000 1.000000
0.998572 0.052726 0.008658 0.000000 -0.051488 0.992835 -0.107829 9.100000 -0.014281 0.107229 0.994132 -1.373400 0.000000 0.000000 0.000000 1.000000
0.998607 0.051927 0.009410 0.000000 -0.050656 0.993187 -0.104942 9.100000 -0.014795 0.104319 0.994434 -1.373400 0.000000 0.000000 0.000000 1.000000
0.998647 0.050897 0.010640 0.000000 -0.049534 0.993444 -0.103030 9.100000 -0.015814 0.102364 0.994621 -1.373400 0.000000 0.000000 0.000000 1.000000</float_array><technique_common><accessor source="#Spine2-Matrix-animation-output-transform-array" count="23" stride="16"><param type="float4x4"/></accessor></technique_common></source><source id="Spine2-Interpolations"><Name_array id="Spine2-Interpolations-array" count="23">
 LINEAR LINEAR LINEAR LINEAR LINEAR LINEAR LINEAR LINEAR LINEAR LINEAR LINEAR
LINEAR LINEAR LINEAR LINEAR LINEAR LINEAR LINEAR LINEAR LINEAR LINEAR LINEAR LINEAR</Name_array><technique_common><accessor source="#Spine2-Interpolations-array" count="23"><param type="name"/></accessor></technique_common></source><sampler id="Spine2-Matrix-animation-transform"><input semantic="INPUT" source="#Spine2-Matrix-animation-input"/><input semantic="OUTPUT" source="#Spine2-Matrix-animation-output-transform"/><input semantic="INTERPOLATION" source="#Spine2-Interpolations"/></sampler><channel source="#Spine2-Matrix-animation-transform" target="Spine2/matrix"/></animation>
    <animation id="Neck-anim" name="Neck"><source id="Neck-Matrix-animation-input"><float_array id="Neck-Matrix-animation-input-array" count="23">

0.000000 0.033333 0.066667 0.100000 0.133333 0.166667 0.200000 0.233333 0.266667 0.300000 0.333333 0.366667 0.400000 0.433333 0.466667 0.500000
0.533333 0.566667 0.600000 0.633333 0.666667 0.700000 0.733333</float_array><technique_common><accessor source="#Neck-Matrix-animation-input-array" count="23"><param name="TIME" type="float"/></accessor></technique_common></source><source id="Neck-Matrix-animation-output-transform"><float_array id="Neck-Matrix-animation-output-transform-array" count="368">

0.997548 -0.065339 0.025080 0.000000 0.063642 0.995960 0.063343 16.671700 -0.029118 -0.061592 0.997677 -2.516200 0.000000 0.000000 0.000000 1.000000
0.958532 -0.273810 -0.079026 0.000000 0.284088 0.940033 0.188762 16.671700 0.022602 -0.203385 0.978838 -2.516200 0.000000 0.000000 0.000000 1.000000
0.916718 -0.367891 -0.155831 0.000000 0.387661 0.913407 0.124119 16.671700 0.096675 -0.174192 0.979955 -2.516200 0.000000 0.000000 0.000000 1.000000
0.933008 -0.309402 -0.183757 -0.000000 0.310360 0.950309 -0.024264 16.671700 0.182134 -0.034392 0.982672 -2.516200 0.000000 0.000000 0.000000 1.000000
0.973241 -0.184216 -0.137358 0.000000 0.160738 0.972946 -0.165951 16.671700 0.164213 0.139432 0.976521 -2.516200 0.000000 0.000000 0.000000 1.000000
0.989414 -0.072224 -0.125869 -0.000000 0.018952 0.924234 -0.381355 16.671700 0.143875 0.374933 0.915820 -2.516200 0.000000 0.000000 0.000000 1.000000
0.992627 -0.023743 -0.118857 -0.000000 -0.033336 0.889323 -0.456063 16.671700 0.116530 0.456663 0.881975 -2.516200 0.000000 0.000000 0.000000 1.000000
0.993599 -0.009978 -0.112527 -0.000000 -0.045712 0.875386 -0.481258 16.671700 0.103306 0.483321 0.869326 -2.516200 0.000000 0.000000 0.000000 1.000000
0.995210 0.000748 -0.097762 -0.000000 -0.046189 0.884929 -0.463430 16.671700 0.086165 0.465726 0.880724 -2.516200 0.000000 0.000000 0.000000 1.000000
0.996830 0.007938 -0.079163 0.000000 -0.040540 0.906823 -0.419557 16.671700 0.068456 0.421436 0.904271 -2.516200 0.000000 0.000000 0.000000 1.000000
0.998226 0.010426 -0.058613 0.000000 -0.030828 0.932789 -0.359102 16.671700 0.050930 0.360272 0.931456 -2.516200 0.000000 0.000000 0.000000 1.000000
0.999229 0.010223 -0.037906 -0.000000 -0.021227 0.952886 -0.302586 16.671700 0.033027 0.303157 0.952368 -2.516200 0.000000 0.000000 0.000000 1.000000
0.999722 0.012071 -0.020246 0.000000 -0.016860 0.966446 -0.256316 16.671700 0.016473 0.256586 0.966381 -2.516200 0.000000 0.000000 0.000000 1.000000
0.999937 0.005376 -0.009898 0.000000 -0.007390 0.976278 -0.216394 16.671700 0.008500 0.216454 0.976256 -2.516200 0.000000 0.000000 0.000000 1.000000
0.999997 -0.000357 -0.002305 -0.000000 -0.000053 0.984513 -0.175314 16.671700 0.002332 0.175314 0.984510 -2.516200 0.000000 0.000000 0.000000 1.000000
0.999969 -0.005111 0.006021 -0.000000 0.005895 0.990361 -0.138384 16.671700 -0.005255 0.138415 0.990360 -2.516200 0.000000 0.000000 0.000000 1.000000
0.999885 -0.008225 0.012758 0.000000 0.009473 0.994842 -0.100989 16.671700 -0.011862 0.101098 0.994806 -2.516200 0.000000 0.000000 0.000000 1.000000
0.999715 -0.015778 0.017920 0.000000 0.016924 0.997696 -0.065701 16.671700 -0.016842 0.065986 0.997678 -2.516200 0.000000 0.000000 0.000000 1.000000
0.999446 -0.025466 0.021440 -0.000000 0.026192 0.999069 -0.034273 16.671700 -0.020547 0.034816 0.999183 -2.516200 0.000000 0.000000 0.000000 1.000000
0.999037 -0.035972 0.025109 -0.000000 0.036109 0.999335 -0.004993 16.671700 -0.024913 0.005895 0.999672 -2.516200 0.000000 0.000000 0.000000 1.000000
0.998568 -0.046201 0.026961 0.000000 0.045618 0.998720 0.021846 16.671700 -0.027936 -0.020585 0.999398 -2.516200 0.000000 0.000000 0.000000 1.000000
0.998030 -0.056224 0.027827 -0.000000 0.054969 0.997520 0.043963 16.671700 -0.030230 -0.042346 0.998646 -2.516200 0.000000 0.000000 0.000000 1.000000
0.997589 -0.064347 0.026005 0.000000 0.062747 0.996329 0.058230 16.671700 -0.029657 -0.056458 0.997964 -2.516200 0.000000 0.000000 0.000000 1.000000</float_array><technique_common><accessor source="#Neck-Matrix-animation-output-transform-array" count="23" stride="16"><param type="float4x4"/></accessor></technique_common></source><source id="Neck-Interpolations"><Name_array id="Neck-Interpolations-array" count="23">
 LINEAR LINEAR LINEAR LINEAR LINEAR LINEAR LINEAR LINEAR LINEAR LINEAR LINEAR
LINEAR LINEAR LINEAR LINEAR LINEAR LINEAR LINEAR LINEAR LINEAR LINEAR LINEAR LINEAR</Name_array><technique_common><accessor source="#Neck-Interpolations-array" count="23"><param type="name"/></accessor></technique_common></source><sampler id="Neck-Matrix-animation-transform"><input semantic="INPUT" source="#Neck-Matrix-animation-input"/><input semantic="OUTPUT" source="#Neck-Matrix-animation-output-transform"/><input semantic="INTERPOLATION" source="#Neck-Interpolations"/></sampler><channel source="#Neck-Matrix-animation-transform" target="Neck/matrix"/></animation>
    <animation id="Head-anim" name="Head"><source id="Head-Matrix-animation-input"><float_array id="Head-Matrix-animation-input-array" count="23">

0.000000 0.033333 0.066667 0.100000 0.133333 0.166667 0.200000 0.233333 0.266667 0.300000 0.333333 0.366667 0.400000 0.433333 0.466667 0.500000
0.533333 0.566667 0.600000 0.633333 0.666667 0.700000 0.733333</float_array><technique_common><accessor source="#Head-Matrix-animation-input-array" count="23"><param name="TIME" type="float"/></accessor></technique_common></source><source id="Head-Matrix-animation-output-transform"><float_array id="Head-Matrix-animation-output-transform-array" count="368">

0.575399 -0.024191 0.817515 -0.000000 -0.239970 0.950576 0.197028 9.617900 -0.781876 -0.309549 0.541156 1.685000 0.000000 0.000000 0.000000 1.000000
0.607323 -0.042687 0.793308 -0.000000 -0.408481 0.839674 0.357898 9.617900 -0.681397 -0.541411 0.492516 1.685000 0.000000 0.000000 0.000000 1.000000
0.618218 -0.030303 0.785422 0.000000 -0.517102 0.736878 0.435449 9.617900 -0.591956 -0.675346 0.439882 1.685000 0.000000 0.000000 0.000000 1.000000
0.648308 -0.098512 0.754979 0.000000 -0.524271 0.661303 0.536486 9.617900 -0.552120 -0.743622 0.377081 1.685000 0.000000 0.000000 0.000000 1.000000
0.657396 -0.165804 0.735078 0.000000 -0.357836 0.789799 0.498167 9.617900 -0.663162 -0.590530 0.459880 1.685000 0.000000 0.000000 0.000000 1.000000
0.641523 -0.158085 0.750638 0.000000 -0.303433 0.846433 0.437585 9.617900 -0.704540 -0.508489 0.495038 1.685000 0.000000 0.000000 0.000000 1.000000
0.630279 -0.139542 0.763725 -0.000000 -0.255938 0.891379 0.374084 9.617900 -0.732969 -0.431244 0.526103 1.685000 0.000000 0.000000 0.000000 1.000000
0.624245 -0.125662 0.771056 -0.000000 -0.235409 0.910846 0.339030 9.617900 -0.744917 -0.393151 0.539009 1.685000 0.000000 0.000000 0.000000 1.000000
0.612107 -0.112087 0.782791 0.000000 -0.239419 0.917174 0.318544 9.617900 -0.753660 -0.382398 0.534573 1.685000 0.000000 0.000000 0.000000 1.000000
0.602805 -0.102791 0.791240 -0.000000 -0.247312 0.918756 0.307772 9.617900 -0.758593 -0.381209 0.528409 1.685000 0.000000 0.000000 0.000000 1.000000
0.595086 -0.091948 0.798385 -0.000000 -0.257872 0.919057 0.298054 9.617900 -0.761167 -0.383249 0.523207 1.685000 0.000000 0.000000 0.000000 1.000000
0.585588 -0.077027 0.806941 0.000000 -0.267463 0.921366 0.282044 9.617900 -0.765212 -0.380989 0.518939 1.685000 0.000000 0.000000 0.000000 1.000000
0.577461 -0.063903 0.813914 0.000000 -0.269745 0.926011 0.264085 9.617900 -0.770569 -0.372048 0.517497 1.685000 0.000000 0.000000 0.000000 1.000000
0.574227 -0.051509 0.817074 0.000000 -0.267256 0.931551 0.246549 9.617900 -0.773846 -0.359943 0.521156 1.685000 0.000000 0.000000 0.000000 1.000000
0.575080 -0.048093 0.816682 -0.000000 -0.259399 0.936041 0.237782 9.617900 -0.775883 -0.348590 0.525823 1.685000 0.000000 0.000000 0.000000 1.000000
0.574232 -0.045937 0.817403 0.000000 -0.255920 0.938318 0.232518 9.617900 -0.777665 -0.342709 0.527056 1.685000 0.000000 0.000000 0.000000 1.000000
0.573816 -0.043716 0.817817 0.000000 -0.255474 0.939193 0.229455 9.617900 -0.778119 -0.340596 0.527755 1.685000 0.000000 0.000000 0.000000 1.000000
0.573346 -0.039644 0.818354 0.000000 -0.255284 0.940462 0.224414 9.617900 -0.778527 -0.337580 0.529089 1.685000 0.000000 0.000000 0.000000 1.000000
0.572680 -0.034442 0.819055 0.000000 -0.256583 0.941387 0.218988 9.617900 -0.778590 -0.335565 0.530277 1.685000 0.000000 0.000000 0.000000 1.000000
0.572064 -0.032123 0.819580 0.000000 -0.254001 0.943174 0.214260 9.617900 -0.779889 -0.330744 0.531396 1.685000 0.000000 0.000000 0.000000 1.000000
0.572826 -0.030398 0.819113 0.000000 -0.247468 0.946267 0.208178 9.617900 -0.781428 -0.321954 0.534524 1.685000 0.000000 0.000000 0.000000 1.000000
0.573430 -0.026603 0.818822 0.000000 -0.242760 0.949068 0.200842 9.617900 -0.782461 -0.313946 0.537766 1.685000 0.000000 0.000000 0.000000 1.000000
0.574206 -0.023592 0.818371 0.000000 -0.241233 0.950333 0.196656 9.617900 -0.782364 -0.310339 0.539996 1.685000 0.000000 0.000000 0.000000 1.000000</float_array><technique_common><accessor source="#Head-Matrix-animation-output-transform-array" count="23" stride="16"><param type="float4x4"/></accessor></technique_common></source><source id="Head-Interpolations"><Name_array id="Head-Interpolations-array" count="23">
 LINEAR LINEAR LINEAR LINEAR LINEAR LINEAR LINEAR LINEAR LINEAR LINEAR LINEAR
LINEAR LINEAR LINEAR LINEAR LINEAR LINEAR LINEAR LINEAR LINEAR LINEAR LINEAR LINEAR</Name_array><technique_common><accessor source="#Head-Interpolations-array" count="23"><param type="name"/></accessor></technique_common></source><sampler id="Head-Matrix-animation-transform"><input semantic="INPUT" source="#Head-Matrix-animation-input"/><input semantic="OUTPUT" source="#Head-Matrix-animation-output-transform"/><input semantic="INTERPOLATION" source="#Head-Interpolations"/></sampler><channel source="#Head-Matrix-animation-transform" target="Head/matrix"/></animation>
    <animation id="LeftShoulder-anim" name="LeftShoulder"><source id="LeftShoulder-Matrix-animation-input"><float_array id="LeftShoulder-Matrix-animation-input-array" count="23">

0.000000 0.033333 0.066667 0.100000 0.133333 0.166667 0.200000 0.233333 0.266667 0.300000 0.333333 0.366667 0.400000 0.433333 0.466667 0.500000
0.533333 0.566667 0.600000 0.633333 0.666667 0.700000 0.733333</float_array><technique_common><accessor source="#LeftShoulder-Matrix-animation-input-array" count="23"><param name="TIME" type="float"/></accessor></technique_common></source><source id="LeftShoulder-Matrix-animation-output-transform"><float_array id="LeftShoulder-Matrix-animation-output-transform-array" count="368">

0.975635 0.212216 -0.055694 4.570400 -0.214173 0.976276 -0.031851 10.946000 0.047613 0.043003 0.997940 -2.628000 0.000000 0.000000 0.000000 1.000000
0.986482 0.132043 -0.097042 4.570400 -0.140494 0.986330 -0.086111 10.946000 0.084345 0.098580 0.991548 -2.628000 0.000000 0.000000 0.000000 1.000000
0.989249 0.073414 -0.126479 4.570400 -0.094035 0.981687 -0.165676 10.946000 0.112000 0.175789 0.978036 -2.628000 0.000000 0.000000 0.000000 1.000000
0.990288 0.032482 -0.135181 4.570400 -0.057829 0.980455 -0.188051 10.946000 0.126430 0.194042 0.972812 -2.628000 0.000000 0.000000 0.000000 1.000000
0.991439 0.029575 -0.127178 4.570400 -0.043334 0.993334 -0.106819 10.946000 0.123171 0.111415 0.986111 -2.628000 0.000000 0.000000 0.000000 1.000000
0.991681 0.037463 -0.123147 4.570400 -0.041696 0.998618 -0.031981 10.946000 0.121779 0.036850 0.991873 -2.628000 0.000000 0.000000 0.000000 1.000000
0.992242 0.058372 -0.109768 4.570400 -0.060860 0.997957 -0.019451 10.946000 0.108408 0.025981 0.993767 -2.628000 0.000000 0.000000 0.000000 1.000000
0.991803 0.061044 -0.112248 4.570400 -0.063487 0.997815 -0.018314 10.946000 0.110885 0.025291 0.993511 -2.628000 0.000000 0.000000 0.000000 1.000000
0.989973 0.078841 -0.117210 4.570400 -0.081641 0.996475 -0.019282 10.946000 0.115276 0.028658 0.992920 -2.628000 0.000000 0.000000 0.000000 1.000000
0.987903 0.094026 -0.123318 4.570400 -0.097218 0.995060 -0.020114 10.946000 0.120818 0.031859 0.992163 -2.628000 0.000000 0.000000 0.000000 1.000000
0.986828 0.107566 -0.120830 4.570400 -0.110911 0.993602 -0.021287 10.946000 0.117767 0.034408 0.992445 -2.628000 0.000000 0.000000 0.000000 1.000000
0.986519 0.118895 -0.112444 4.570400 -0.122179 0.992247 -0.022757 10.946000 0.108866 0.036189 0.993397 -2.628000 0.000000 0.000000 0.000000 1.000000
0.985685 0.133304 -0.103221 4.570400 -0.136434 0.990362 -0.023845 10.946000 0.099047 0.037587 0.994373 -2.628000 0.000000 0.000000 0.000000 1.000000
0.984882 0.143783 -0.096608 4.570400 -0.146776 0.988864 -0.024583 10.946000 0.091997 0.038391 0.995019 -2.628000 0.000000 0.000000 0.000000 1.000000
0.984209 0.152264 -0.090266 4.570400 -0.155116 0.987569 -0.025424 10.946000 0.085273 0.039024 0.995593 -2.628000 0.000000 0.000000 0.000000 1.000000
0.983071 0.162686 -0.084294 4.570400 -0.165418 0.985868 -0.026467 10.946000 0.078797 0.039963 0.996089 -2.628000 0.000000 0.000000 0.000000 1.000000
0.981614 0.173421 -0.079747 4.570400 -0.176060 0.984001 -0.027296 10.946000 0.073738 0.040834 0.996441 -2.628000 0.000000 0.000000 0.000000 1.000000
0.980454 0.181889 -0.075014 4.570400 -0.184429 0.982436 -0.028388 10.946000 0.068533 0.041668 0.996778 -2.628000 0.000000 0.000000 0.000000 1.000000
0.979592 0.187942 -0.071259 4.570400 -0.190363 0.981291 -0.028800 10.946000 0.064513 0.041777 0.997042 -2.628000 0.000000 0.000000 0.000000 1.000000
0.978826 0.193286 -0.067381 4.570400 -0.195606 0.980234 -0.029657 10.946000 0.060317 0.042209 0.997286 -2.628000 0.000000 0.000000 0.000000 1.000000
0.978149 0.198042 -0.063276 4.570400 -0.200254 0.979262 -0.030714 10.946000 0.055881 0.042714 0.997523 -2.628000 0.000000 0.000000 0.000000 1.000000
0.976705 0.205897 -0.060444 4.570400 -0.207993 0.977651 -0.030636 10.946000 0.052785 0.042494 0.997701 -2.628000 0.000000 0.000000 0.000000 1.000000
0.975759 0.211037 -0.057955 4.570400 -0.213053 0.976546 -0.031081 10.946000 0.050037 0.042675 0.997835 -2.628000 0.000000 0.000000 0.000000 1.000000</float_array><technique_common><accessor source="#LeftShoulder-Matrix-animation-output-transform-array" count="23" stride="16"><param type="float4x4"/></accessor></technique_common></source><source id="LeftShoulder-Interpolations"><Name_array id="LeftShoulder-Interpolations-array" count="23">
 LINEAR LINEAR LINEAR LINEAR LINEAR LINEAR LINEAR LINEAR LINEAR LINEAR LINEAR
LINEAR LINEAR LINEAR LINEAR LINEAR LINEAR LINEAR LINEAR LINEAR LINEAR LINEAR LINEAR</Name_array><technique_common><accessor source="#LeftShoulder-Interpolations-array" count="23"><param type="name"/></accessor></technique_common></source><sampler id="LeftShoulder-Matrix-animation-transform"><input semantic="INPUT" source="#LeftShoulder-Matrix-animation-input"/><input semantic="OUTPUT" source="#LeftShoulder-Matrix-animation-output-transform"/><input semantic="INTERPOLATION" source="#LeftShoulder-Interpolations"/></sampler><channel source="#LeftShoulder-Matrix-animation-transform" target="LeftShoulder/matrix"/></animation>
    <animation id="LeftArm-anim" name="LeftArm"><source id="LeftArm-Matrix-animation-input"><float_array id="LeftArm-Matrix-animation-input-array" count="23">

0.000000 0.033333 0.066667 0.100000 0.133333 0.166667 0.200000 0.233333 0.266667 0.300000 0.333333 0.366667 0.400000 0.433333 0.466667 0.500000
0.533333 0.566667 0.600000 0.633333 0.666667 0.700000 0.733333</float_array><technique_common><accessor source="#LeftArm-Matrix-animation-input-array" count="23"><param name="TIME" type="float"/></accessor></technique_common></source><source id="LeftArm-Matrix-animation-output-transform"><float_array id="LeftArm-Matrix-animation-output-transform-array" count="368">

0.734837 0.512837 0.443861 10.592400 -0.673287 0.472597 0.568627 -0.524600 0.081846 -0.716694 0.692568 -2.232100 0.000000 0.000000 0.000000 1.000000
0.756463 0.382676 0.530399 10.592400 -0.653997 0.433677 0.619849 -0.524600 0.007179 -0.815772 0.578329 -2.232100 0.000000 0.000000 0.000000 1.000000
0.822682 0.245140 0.512934 10.592400 -0.565082 0.451431 0.690574 -0.524600 -0.062267 -0.857972 0.509908 -2.232100 0.000000 0.000000 0.000000 1.000000
0.882601 0.104780 0.458298 10.592400 -0.459428 0.398987 0.793558 -0.524600 -0.099706 -0.910950 0.400285 -2.232100 0.000000 0.000000 0.000000 1.000000
0.888150 0.080612 0.452428 10.592400 -0.451312 0.338621 0.825623 -0.524600 -0.086647 -0.937463 0.337127 -2.232100 0.000000 0.000000 0.000000 1.000000
0.873607 0.094748 0.477319 10.592400 -0.480712 0.320554 0.816187 -0.524600 -0.075674 -0.942480 0.325585 -2.232100 0.000000 0.000000 0.000000 1.000000
0.878713 0.137726 0.457051 10.592400 -0.474263 0.360609 0.803141 -0.524600 -0.054203 -0.922493 0.382190 -2.232100 0.000000 0.000000 0.000000 1.000000
0.867756 0.193952 0.457584 10.592400 -0.496909 0.355373 0.791702 -0.524600 -0.009061 -0.914381 0.404753 -2.232100 0.000000 0.000000 0.000000 1.000000
0.862418 0.262650 0.432725 10.592400 -0.504003 0.366034 0.782304 -0.524600 0.047081 -0.892768 0.448051 -2.232100 0.000000 0.000000 0.000000 1.000000
0.859891 0.309670 0.405823 10.592400 -0.504695 0.396406 0.766906 -0.524600 0.076617 -0.864272 0.497155 -2.232100 0.000000 0.000000 0.000000 1.000000
0.857158 0.344731 0.382675 10.592400 -0.506564 0.429914 0.747373 -0.524600 0.093125 -0.834467 0.543133 -2.232100 0.000000 0.000000 0.000000 1.000000
0.851827 0.372222 0.368565 10.592400 -0.514654 0.463633 0.721232 -0.524600 0.097580 -0.804049 0.586501 -2.232100 0.000000 0.000000 0.000000 1.000000
0.846922 0.394086 0.356959 10.592400 -0.522729 0.494177 0.694653 -0.524600 0.097352 -0.774910 0.624530 -2.232100 0.000000 0.000000 0.000000 1.000000
0.837883 0.413925 0.355836 10.592400 -0.537650 0.513257 0.668954 -0.524600 0.094262 -0.751820 0.652595 -2.232100 0.000000 0.000000 0.000000 1.000000
0.828710 0.431155 0.356854 10.592400 -0.551946 0.523968 0.648701 -0.524600 0.092711 -0.734549 0.672192 -2.232100 0.000000 0.000000 0.000000 1.000000
0.818068 0.443670 0.365954 10.592400 -0.568410 0.526796 0.631978 -0.524600 0.087607 -0.725013 0.683141 -2.232100 0.000000 0.000000 0.000000 1.000000
0.806922 0.454200 0.377596 10.592400 -0.584694 0.523623 0.619639 -0.524600 0.083722 -0.720778 0.688091 -2.232100 0.000000 0.000000 0.000000 1.000000
0.794217 0.464422 0.391831 10.592400 -0.602307 0.516513 0.608638 -0.524600 0.080279 -0.719393 0.689948 -2.232100 0.000000 0.000000 0.000000 1.000000
0.780805 0.473713 0.407357 10.592400 -0.620374 0.510589 0.595345 -0.524600 0.074030 -0.717562 0.692549 -2.232100 0.000000 0.000000 0.000000 1.000000
0.766585 0.483021 0.423129 10.592400 -0.638619 0.504524 0.581052 -0.524600 0.067181 -0.715644 0.695227 -2.232100 0.000000 0.000000 0.000000 1.000000
0.753424 0.492185 0.436011 10.592400 -0.654445 0.497104 0.569727 -0.524600 0.063668 -0.714592 0.696638 -2.232100 0.000000 0.000000 0.000000 1.000000
0.745565 0.498554 0.442241 10.592400 -0.663186 0.489602 0.566105 -0.524600 0.065712 -0.715356 0.695664 -2.232100 0.000000 0.000000 0.000000 1.000000
