<?xml version="1.0" encoding="utf-8"?>
<COLLADA xmlns="http://www.collada.org/2005/11/COLLADASchema" version="1.4.1">
  <asset><contributor><author>Mixamo</author><authoring_tool>COLLADA Mixamo exporter</authoring_tool><comments></comments></contributor><created>2018-11-02T16:05:28Z</created><modified>2018-11-02T16:05:28Z</modified><revision></revision><title></title><unit meter="0.010000"/><up_axis>Y_UP</up_axis></asset>
  <library_animations>
    <animation id="Hips-anim" name="Hips"><source id="Hips-Matrix-animation-input"><float_array id="Hips-Matrix-animation-input-array" count="21">

0.000000 0.033333 0.066667 0.100000 0.133333 0.166667 0.200000 0.233333 0.266667 0.300000 0.333333 0.366667 0.400000 0.433333 0.466667 0.500000
0.533333 0.566667 0.600000 0.633333 0.666667</float_array><technique_common><accessor source="#Hips-Matrix-animation-input-array" count="21"><param name="TIME" type="float"/></accessor></technique_common></source><source id="Hips-Matrix-animation-output-transform"><float_array id="Hips-Matrix-animation-output-transform-array" count="336">

-0.021366 -0.043873 -0.998809 3.393996 -0.010707 0.998989 -0.043652 97.038330 0.999714 0.009762 -0.021814 -0.026856 0.000000 0.000000 0.000000 1.000000
-0.021540 -0.041331 -0.998913 3.423899 -0.008027 0.999120 -0.041166 97.036186 0.999736 0.007132 -0.021853 -0.033846 0.000000 0.000000 0.000000 1.000000
-0.020086 -0.039684 -0.999010 3.501720 -0.001746 0.999212 -0.039657 97.033852 0.999797 0.000947 -0.020140 -0.077220 0.000000 0.000000 0.000000 1.000000
-0.019955 -0.037645 -0.999092 3.593530 0.005558 0.999271 -0.037762 97.017509 0.999785 -0.006306 -0.019731 -0.164634 0.000000 0.000000 0.000000 1.000000
-0.020729 -0.038718 -0.999035 3.691945 0.011302 0.999177 -0.038958 96.978203 0.999721 -0.012098 -0.020274 -0.330985 0.000000 0.000000 0.000000 1.000000
-0.016044 -0.041938 -0.998991 3.815978 0.013153 0.999025 -0.042151 96.992172 0.999785 -0.013816 -0.015477 -0.583812 0.000000 0.000000 0.000000 1.000000
-0.003177 -0.042395 -0.999096 3.870285 0.003328 0.999095 -0.042405 97.110947 0.999989 -0.003459 -0.003033 -0.775524 0.000000 0.000000 0.000000 1.000000
-0.005635 -0.047619 -0.998850 3.784340 -0.015557 0.998749 -0.047526 97.163017 0.999863 0.015271 -0.006369 -0.816133 0.000000 0.000000 0.000000 1.000000
-0.009981 -0.052477 -0.998572 3.583283 -0.030757 0.998166 -0.052148 97.191727 0.999477 0.030192 -0.011577 -0.717426 0.000000 0.000000 0.000000 1.000000
-0.008489 -0.057708 -0.998297 3.350044 -0.038329 0.997618 -0.057343 97.192665 0.999229 0.037777 -0.010681 -0.588503 0.000000 0.000000 0.000000 1.000000
0.006319 -0.063432 -0.997966 3.165960 -0.038382 0.997235 -0.063628 97.162216 0.999243 0.038707 0.003867 -0.419251 0.000000 0.000000 0.000000 1.000000
0.041797 -0.069194 -0.996727 3.054982 -0.035019 0.996885 -0.070674 97.092094 0.998512 0.037858 0.039244 -0.207836 0.000000 0.000000 0.000000 1.000000
0.086758 -0.074953 -0.993406 2.980908 -0.029868 0.996522 -0.077797 96.967773 0.995782 0.036420 0.084218 -0.070356 0.000000 0.000000 0.000000 1.000000
0.143403 -0.080188 -0.986410 2.697872 -0.022705 0.996183 -0.084283 96.797165 0.989404 0.034483 0.141035 -0.028230 0.000000 0.000000 0.000000 1.000000
0.213663 -0.084406 -0.973254 2.305756 -0.013365 0.995915 -0.089305 96.555252 0.976816 0.032088 0.211662 -0.033233 0.000000 0.000000 0.000000 1.000000
0.298870 -0.087150 -0.950306 1.858241 -0.001821 0.995767 -0.091892 96.185234 0.954292 0.029194 0.297447 -0.017800 0.000000 0.000000 0.000000 1.000000
0.375317 -0.086870 -0.922817 1.402947 0.009651 0.995911 -0.089826 95.700249 0.926846 0.024807 0.374621 -0.014486 0.000000 0.000000 0.000000 1.000000
0.423760 -0.086130 -0.901670 0.951152 0.018263 0.996079 -0.086565 95.167404 0.905590 0.020216 0.423671 0.003272 0.000000 0.000000 0.000000 1.000000
0.451231 -0.084452 -0.888402 0.548850 0.023966 0.996300 -0.082536 94.660416 0.892085 0.015951 0.451586 0.008936 0.000000 0.000000 0.000000 1.000000
0.463940 -0.084355 -0.881841 0.225812 0.028125 0.996357 -0.080513 94.247665 0.885420 0.012552 0.464622 0.008021 0.000000 0.000000 0.000000 1.000000
0.467672 -0.084353 -0.879868 0.040399 0.030202 0.996380 -0.079471 94.005836 0.883386 0.010593 0.468526 0.005502 0.000000 0.000000 0.000000 1.000000</float_array><technique_common><accessor source="#Hips-Matrix-animation-output-transform-array" count="21" stride="16"><param type="float4x4"/></accessor></technique_common></source><source id="Hips-Interpolations"><Name_array id="Hips-Interpolations-array" count="21">
 LINEAR LINEAR LINEAR LINEAR LINEAR LINEAR LINEAR LINEAR LINEAR LINEAR LINEAR
LINEAR LINEAR LINEAR LINEAR LINEAR LINEAR LINEAR LINEAR LINEAR LINEAR</Name_array><technique_common><accessor source="#Hips-Interpolations-array" count="21"><param type="name"/></accessor></technique_common></source><sampler id="Hips-Matrix-animation-transform"><input semantic="INPUT" source="#Hips-Matrix-animation-input"/><input semantic="OUTPUT" source="#Hips-Matrix-animation-output-transform"/><input semantic="INTERPOLATION" source="#Hips-Interpolations"/></sampler><channel source="#Hips-Matrix-animation-transform" target="Hips/matrix"/></animation>
    <animation id="Spine-anim" name="Spine"><source id="Spine-Matrix-animation-input"><float_array id="Spine-Matrix-animation-input-array" count="21">

0.000000 0.033333 0.066667 0.100000 0.133333 0.166667 0.200000 0.233333 0.266667 0.300000 0.333333 0.366667 0.400000 0.433333 0.466667 0.500000
0.533333 0.566667 0.600000 0.633333 0.666667</float_array><technique_common><accessor source="#Spine-Matrix-animation-input-array" count="21"><param name="TIME" type="float"/></accessor></technique_common></source><source id="Spine-Matrix-animation-output-transform"><float_array id="Spine-Matrix-animation-output-transform-array" count="336">

0.989747 0.136913 -0.040683 0.000000 -0.140207 0.985661 -0.093884 10.181600 0.027245 0.098626 0.994752 0.131500 0.000000 0.000000 0.000000 1.000000
0.990084 0.134448 -0.040707 0.000000 -0.137745 0.986040 -0.093553 10.181600 0.027560 0.098232 0.994782 0.131500 0.000000 0.000000 0.000000 1.000000
0.990897 0.128131 -0.041294 0.000000 -0.131516 0.986876 -0.093693 10.181600 0.028747 0.098271 0.994744 0.131500 0.000000 0.000000 0.000000 1.000000
0.992007 0.119060 -0.041787 -0.000000 -0.122541 0.987997 -0.094052 10.181600 0.030087 0.098420 0.994690 0.131500 0.000000 0.000000 0.000000 1.000000
0.993194 0.108967 -0.041130 0.000000 -0.112399 0.989277 -0.093258 10.181600 0.030527 0.097246 0.994792 0.131500 0.000000 0.000000 0.000000 1.000000
0.994258 0.098644 -0.041484 0.000000 -0.102085 0.990585 -0.091210 10.181600 0.032096 0.094921 0.994967 0.131500 0.000000 0.000000 0.000000 1.000000
0.994551 0.088173 -0.055617 0.000000 -0.092935 0.991613 -0.089818 10.181600 0.047231 0.094497 0.994404 0.131500 0.000000 0.000000 0.000000 1.000000
0.994830 0.075360 -0.068071 0.000000 -0.081357 0.992602 -0.090122 10.181600 0.060775 0.095195 0.993602 0.131500 0.000000 0.000000 0.000000 1.000000
0.995120 0.064760 -0.074453 0.000000 -0.071480 0.993241 -0.091447 10.181600 0.068028 0.096322 0.993023 0.131500 0.000000 0.000000 0.000000 1.000000
0.995157 0.059419 -0.078310 0.000000 -0.066636 0.993431 -0.093027 10.181600 0.072268 0.097795 0.992579 0.131500 0.000000 0.000000 0.000000 1.000000
0.995070 0.060567 -0.078533 0.000000 -0.067916 0.993200 -0.094560 10.181600 0.072272 0.099427 0.992417 0.131500 0.000000 0.000000 0.000000 1.000000
0.995045 0.065789 -0.074546 0.000000 -0.074302 0.990245 -0.117873 10.181600 0.066064 0.122828 0.990227 0.131500 0.000000 0.000000 0.000000 1.000000
0.995542 0.066241 -0.067137 0.000000 -0.075795 0.985542 -0.151535 10.181600 0.056129 0.155949 0.986169 0.131500 0.000000 0.000000 0.000000 1.000000
0.996106 0.066456 -0.057936 -0.000000 -0.076166 0.979622 -0.185847 10.181600 0.044405 0.189536 0.980869 0.131500 0.000000 0.000000 0.000000 1.000000
0.996364 0.070317 -0.048102 0.000000 -0.078961 0.974192 -0.211459 10.181600 0.031991 0.214488 0.976203 0.131500 0.000000 0.000000 0.000000 1.000000
0.996500 0.074413 -0.038093 -0.000000 -0.081164 0.970350 -0.227669 10.181600 0.020022 0.229963 0.972993 0.131500 0.000000 0.000000 0.000000 1.000000
0.996710 0.075897 -0.028447 0.000000 -0.080517 0.967436 -0.239967 10.181600 0.009307 0.241468 0.970364 0.131500 0.000000 0.000000 0.000000 1.000000
0.996897 0.076116 -0.020063 -0.000000 -0.078714 0.965360 -0.248763 10.181600 0.000433 0.249571 0.968356 0.131500 0.000000 0.000000 0.000000 1.000000
0.997051 0.075521 -0.013606 0.000000 -0.076493 0.964030 -0.254548 10.181600 -0.006107 0.254838 0.966964 0.131500 0.000000 0.000000 0.000000 1.000000
0.997170 0.074676 -0.008658 0.000000 -0.074379 0.963305 -0.257896 10.181600 -0.010919 0.257810 0.966134 0.131500 0.000000 0.000000 0.000000 1.000000
0.997238 0.074039 -0.005839 0.000000 -0.073017 0.963023 -0.259335 10.181600 -0.013578 0.259045 0.965770 0.131500 0.000000 0.000000 0.000000 1.000000</float_array><technique_common><accessor source="#Spine-Matrix-animation-output-transform-array" count="21" stride="16"><param type="float4x4"/></accessor></technique_common></source><source id="Spine-Interpolations"><Name_array id="Spine-Interpolations-array" count="21">
 LINEAR LINEAR LINEAR LINEAR LINEAR LINEAR LINEAR LINEAR LINEAR LINEAR LINEAR
LINEAR LINEAR LINEAR LINEAR LINEAR LINEAR LINEAR LINEAR LINEAR LINEAR</Name_array><technique_common><accessor source="#Spine-Interpolations-array" count="21"><param type="name"/></accessor></technique_common></source><sampler id="Spine-Matrix-animation-transform"><input semantic="INPUT" source="#Spine-Matrix-animation-input"/><input semantic="OUTPUT" source="#Spine-Matrix-animation-output-transform"/><input semantic="INTERPOLATION" source="#Spine-Interpolations"/></sampler><channel source="#Spine-Matrix-animation-transform" target="Spine/matrix"/></animation>
    <animation id="Spine1-anim" name="Spine1"><source id="Spine1-Matrix-animation-input"><float_array id="Spine1-Matrix-animation-input-array" count="21">

0.000000 0.033333 0.066667 0.100000 0.133333 0.166667 0.200000 0.233333 0.266667 0.300000 0.333333 0.366667 0.400000 0.433333 0.466667 0.500000
0.533333 0.566667 0.600000 0.633333 0.666667</float_array><technique_common><accessor source="#Spine1-Matrix-animation-input-array" count="21"><param name="TIME" type="float"/></accessor></technique_common></source><source id="Spine1-Matrix-animation-output-transform"><float_array id="Spine1-Matrix-animation-output-transform-array" count="336">

0.999776 0.018809 -0.009668 0.000000 -0.019256 0.998645 -0.048350 10.083500 0.008746 0.048525 0.998784 -1.000800 0.000000 0.000000 0.000000 1.000000
0.999736 0.021309 -0.008539 0.000000 -0.021707 0.998534 -0.049591 10.083500 0.007469 0.049763 0.998733 -1.000800 0.000000 0.000000 0.000000 1.000000
0.999595 0.027634 -0.006832 0.000000 -0.027941 0.998363 -0.049897 10.083500 0.005442 0.050068 0.998731 -1.000800 0.000000 0.000000 0.000000 1.000000
0.999361 0.035531 -0.003764 -0.000000 -0.035674 0.998142 -0.049398 10.083500 0.002001 0.049501 0.998772 -1.000800 0.000000 0.000000 0.000000 1.000000
0.999035 0.043865 0.002345 -0.000000 -0.043711 0.997988 -0.045921 10.083500 -0.004354 0.045774 0.998942 -1.000800 0.000000 0.000000 0.000000 1.000000
0.998749 0.049521 0.006934 -0.000000 -0.049201 0.997969 -0.040456 10.083500 -0.008924 0.040064 0.999157 -1.000800 0.000000 0.000000 0.000000 1.000000
0.998677 0.048975 -0.015700 0.000000 -0.049552 0.998018 -0.038782 10.083500 0.013770 0.039508 0.999124 -1.000800 0.000000 0.000000 0.000000 1.000000
0.998426 0.043030 -0.035972 -0.000000 -0.044474 0.998195 -0.040361 10.083500 0.034171 0.041897 0.998537 -1.000800 0.000000 0.000000 0.000000 1.000000
0.998202 0.038807 -0.045673 -0.000000 -0.040757 0.998262 -0.042566 10.083500 0.043941 0.044351 0.998049 -1.000800 0.000000 0.000000 0.000000 1.000000
0.997955 0.036697 -0.052332 -0.000000 -0.038963 0.998316 -0.042968 10.083500 0.050667 0.044919 0.997705 -1.000800 0.000000 0.000000 0.000000 1.000000
0.997425 0.034855 -0.062673 0.000000 -0.037558 0.998391 -0.042492 10.083500 0.061091 0.044736 0.997129 -1.000800 0.000000 0.000000 0.000000 1.000000
0.997390 0.033315 -0.064053 0.000000 -0.036463 0.998152 -0.048614 10.083500 0.062315 0.050822 0.996762 -1.000800 0.000000 0.000000 0.000000 1.000000
0.997625 0.035494 -0.059021 0.000000 -0.038889 0.997594 -0.057394 10.083500 0.056842 0.059553 0.996605 -1.000800 0.000000 0.000000 0.000000 1.000000
0.997953 0.039254 -0.050488 0.000000 -0.042629 0.996801 -0.067603 10.083500 0.047673 0.069617 0.996434 -1.000800 0.000000 0.000000 0.000000 1.000000
0.998331 0.042141 -0.039491 0.000000 -0.045128 0.995926 -0.078075 10.083500 0.036039 0.079727 0.996165 -1.000800 0.000000 0.000000 0.000000 1.000000
0.998643 0.044265 -0.027452 -0.000000 -0.046512 0.995079 -0.087486 10.083500 0.023445 0.088644 0.995787 -1.000800 0.000000 0.000000 0.000000 1.000000
0.998819 0.045921 -0.015840 -0.000000 -0.047217 0.994401 -0.094539 10.083500 0.011410 0.095176 0.995395 -1.000800 0.000000 0.000000 0.000000 1.000000
0.998875 0.047032 -0.006060 -0.000000 -0.047401 0.993973 -0.098845 10.083500 0.001374 0.099021 0.995084 -1.000800 0.000000 0.000000 0.000000 1.000000
0.998866 0.047595 0.000899 0.000000 -0.047260 0.993740 -0.101230 10.083500 -0.005711 0.101072 0.994863 -1.000800 0.000000 0.000000 0.000000 1.000000
0.998830 0.047943 0.006276 0.000000 -0.047051 0.993640 -0.102300 10.083500 -0.011140 0.101885 0.994734 -1.000800 0.000000 0.000000 0.000000 1.000000
0.998797 0.048122 0.009453 0.000000 -0.046902 0.993620 -0.102569 10.083500 -0.014329 0.102002 0.994681 -1.000800 0.000000 0.000000 0.000000 1.000000</float_array><technique_common><accessor source="#Spine1-Matrix-animation-output-transform-array" count="21" stride="16"><param type="float4x4"/></accessor></technique_common></source><source id="Spine1-Interpolations"><Name_array id="Spine1-Interpolations-array" count="21">
 LINEAR LINEAR LINEAR LINEAR LINEAR LINEAR LINEAR LINEAR LINEAR LINEAR LINEAR
LINEAR LINEAR LINEAR LINEAR LINEAR LINEAR LINEAR LINEAR LINEAR LINEAR</Name_array><technique_common><accessor source="#Spine1-Interpolations-array" count="21"><param type="name"/></accessor></technique_common></source><sampler id="Spine1-Matrix-animation-transform"><input semantic="INPUT" source="#Spine1-Matrix-animation-input"/><input semantic="OUTPUT" source="#Spine1-Matrix-animation-output-transform"/><input semantic="INTERPOLATION" source="#Spine1-Interpolations"/></sampler><channel source="#Spine1-Matrix-animation-transform" target="Spine1/matrix"/></animation>
    <animation id="Spine2-anim" name="Spine2"><source id="Spine2-Matrix-animation-input"><float_array id="Spine2-Matrix-animation-input-array" count="21">

0.000000 0.033333 0.066667 0.100000 0.133333 0.166667 0.200000 0.233333 0.266667 0.300000 0.333333 0.366667 0.400000 0.433333 0.466667 0.500000
0.533333 0.566667 0.600000 0.633333 0.666667</float_array><technique_common><accessor source="#Spine2-Matrix-animation-input-array" count="21"><param name="TIME" type="float"/></accessor></technique_common></source><source id="Spine2-Matrix-animation-output-transform"><float_array id="Spine2-Matrix-animation-output-transform-array" count="336">

0.999780 0.018978 -0.008906 -0.000000 -0.019388 0.998637 -0.048459 9.100000 0.007974 0.048621 0.998785 -1.373400 0.000000 0.000000 0.000000 1.000000
0.999735 0.021622 -0.007905 0.000000 -0.021988 0.998526 -0.049614 9.100000 0.006820 0.049775 0.998737 -1.373400 0.000000 0.000000 0.000000 1.000000
0.999581 0.028212 -0.006546 -0.000000 -0.028504 0.998354 -0.049775 9.100000 0.005131 0.049940 0.998739 -1.373400 0.000000 0.000000 0.000000 1.000000
0.999328 0.036445 -0.003880 0.000000 -0.036592 0.998119 -0.049186 9.100000 0.002080 0.049295 0.998782 -1.373400 0.000000 0.000000 0.000000 1.000000
0.998978 0.045167 0.001820 0.000000 -0.045036 0.997936 -0.045773 9.100000 -0.003884 0.045644 0.998950 -1.373400 0.000000 0.000000 0.000000 1.000000
0.998676 0.051088 0.006104 -0.000000 -0.050799 0.997882 -0.040620 9.100000 -0.008166 0.040257 0.999156 -1.373400 0.000000 0.000000 0.000000 1.000000
0.998617 0.049864 -0.016689 0.000000 -0.050492 0.997939 -0.039601 9.100000 0.014680 0.040389 0.999076 -1.373400 0.000000 0.000000 0.000000 1.000000
0.998387 0.042999 -0.037061 0.000000 -0.044536 0.998138 -0.041686 9.100000 0.035199 0.043270 0.998443 -1.373400 0.000000 0.000000 0.000000 1.000000
0.998176 0.038056 -0.046873 0.000000 -0.040132 0.998217 -0.044192 9.100000 0.045107 0.045993 0.997923 -1.373400 0.000000 0.000000 0.000000 1.000000
0.997934 0.035482 -0.053554 0.000000 -0.037899 0.998276 -0.044813 9.100000 0.051871 0.046750 0.997559 -1.373400 0.000000 0.000000 0.000000 1.000000
0.997396 0.033221 -0.064011 0.000000 -0.036120 0.998348 -0.044678 9.100000 0.062421 0.046873 0.996949 -1.373400 0.000000 0.000000 0.000000 1.000000
0.997428 0.030809 -0.064718 0.000000 -0.034087 0.998159 -0.050165 9.100000 0.063053 0.052242 0.996642 -1.373400 0.000000 0.000000 0.000000 1.000000
0.997789 0.032259 -0.058104 0.000000 -0.035619 0.997696 -0.057742 9.100000 0.056108 0.059684 0.996639 -1.373400 0.000000 0.000000 0.000000 1.000000
0.998254 0.035120 -0.047497 0.000000 -0.038231 0.997069 -0.066270 9.100000 0.045030 0.067970 0.996671 -1.373400 0.000000 0.000000 0.000000 1.000000
0.998681 0.037977 -0.034555 0.000000 -0.040472 0.996392 -0.074602 9.100000 0.031597 0.075902 0.996614 -1.373400 0.000000 0.000000 0.000000 1.000000
0.998937 0.040945 -0.021156 0.000000 -0.042541 0.995763 -0.081523 9.100000 0.017728 0.082337 0.996447 -1.373400 0.000000 0.000000 0.000000 1.000000
0.999004 0.043674 -0.009114 0.000000 -0.044304 0.995198 -0.087287 9.100000 0.005258 0.087604 0.996142 -1.373400 0.000000 0.000000 0.000000 1.000000
0.998949 0.045839 -0.000242 -0.000000 -0.045664 0.994655 -0.092609 9.100000 -0.004004 0.092523 0.995703 -1.373400 0.000000 0.000000 0.000000 1.000000
0.998862 0.047390 0.005443 0.000000 -0.046639 0.994180 -0.097109 9.100000 -0.010013 0.096745 0.995259 -1.373400 0.000000 0.000000 0.000000 1.000000
0.998783 0.048465 0.009177 0.000000 -0.047301 0.993815 -0.100469 9.100000 -0.013989 0.099912 0.994898 -1.373400 0.000000 0.000000 0.000000 1.000000
0.998737 0.049022 0.011020 0.000000 -0.047641 0.993610 -0.102321 9.100000 -0.015965 0.101667 0.994690 -1.373400 0.000000 0.000000 0.000000 1.000000</float_array><technique_common><accessor source="#Spine2-Matrix-animation-output-transform-array" count="21" stride="16"><param type="float4x4"/></accessor></technique_common></source><source id="Spine2-Interpolations"><Name_array id="Spine2-Interpolations-array" count="21">
 LINEAR LINEAR LINEAR LINEAR LINEAR LINEAR LINEAR LINEAR LINEAR LINEAR LINEAR
LINEAR LINEAR LINEAR LINEAR LINEAR LINEAR LINEAR LINEAR LINEAR LINEAR</Name_array><technique_common><accessor source="#Spine2-Interpolations-array" count="21"><param type="name"/></accessor></technique_common></source><sampler id="Spine2-Matrix-animation-transform"><input semantic="INPUT" source="#Spine2-Matrix-animation-input"/><input semantic="OUTPUT" source="#Spine2-Matrix-animation-output-transform"/><input semantic="INTERPOLATION" source="#Spine2-Interpolations"/></sampler><channel source="#Spine2-Matrix-animation-transform" target="Spine2/matrix"/></animation>
    <animation id="Neck-anim" name="Neck"><source id="Neck-Matrix-animation-input"><float_array id="Neck-Matrix-animation-input-array" count="21">

0.000000 0.033333 0.066667 0.100000 0.133333 0.166667 0.200000 0.233333 0.266667 0.300000 0.333333 0.366667 0.400000 0.433333 0.466667 0.500000
0.533333 0.566667 0.600000 0.633333 0.666667</float_array><technique_common><accessor source="#Neck-Matrix-animation-input-array" count="21"><param name="TIME" type="float"/></accessor></technique_common></source><source id="Neck-Matrix-animation-output-transform"><float_array id="Neck-Matrix-animation-output-transform-array" count="336">

0.991081 -0.082554 0.104607 -0.000000 0.058952 0.975618 0.211411 16.671700 -0.119509 -0.203358 0.971783 -2.516200 0.000000 0.000000 0.000000 1.000000
0.991187 -0.081539 0.104401 0.000000 0.057841 0.975411 0.212670 16.671700 -0.119175 -0.204757 0.971531 -2.516200 0.000000 0.000000 0.000000 1.000000
0.991343 -0.081003 0.103333 0.000000 0.057557 0.975467 0.212490 16.671700 -0.118010 -0.204703 0.971684 -2.516200 0.000000 0.000000 0.000000 1.000000
0.991489 -0.081010 0.101914 0.000000 0.058019 0.975732 0.211143 16.671700 -0.116546 -0.203433 0.972128 -2.516200 0.000000 0.000000 0.000000 1.000000
0.991493 -0.083132 0.100155 0.000000 0.060592 0.975798 0.210114 16.671700 -0.115199 -0.202258 0.972533 -2.516200 0.000000 0.000000 0.000000 1.000000
0.991211 -0.082689 0.103265 0.000000 0.059377 0.975621 0.211277 16.671700 -0.118218 -0.203288 0.971956 -2.516200 0.000000 0.000000 0.000000 1.000000
0.989734 -0.078161 0.119653 0.000000 0.050765 0.974871 0.216907 16.671700 -0.133600 -0.208606 0.968832 -2.516200 0.000000 0.000000 0.000000 1.000000
0.988421 -0.071848 0.133645 0.000000 0.040359 0.973547 0.224893 16.671700 -0.146268 -0.216895 0.965175 -2.516200 0.000000 0.000000 0.000000 1.000000
0.987944 -0.066570 0.139768 -0.000000 0.033120 0.972809 0.229227 16.671700 -0.151227 -0.221834 0.963286 -2.516200 0.000000 0.000000 0.000000 1.000000
0.988110 -0.061732 0.140811 0.000000 0.028146 0.973005 0.229061 16.671700 -0.151150 -0.222374 0.963174 -2.516200 0.000000 0.000000 0.000000 1.000000
0.987717 -0.058083 0.145055 0.000000 0.024099 0.973862 0.225860 16.671700 -0.154383 -0.219590 0.963300 -2.516200 0.000000 0.000000 0.000000 1.000000
0.989098 -0.057793 0.135442 0.000000 0.028399 0.977365 0.209648 16.671700 -0.144492 -0.203516 0.968351 -2.516200 0.000000 0.000000 0.000000 1.000000
0.990524 -0.060740 0.123180 0.000000 0.036739 0.981387 0.188495 16.671700 -0.132336 -0.182184 0.974318 -2.516200 0.000000 0.000000 0.000000 1.000000
0.992169 -0.065176 0.106548 -0.000000 0.047242 0.985506 0.162930 16.671700 -0.115623 -0.156620 0.980868 -2.516200 0.000000 0.000000 0.000000 1.000000
0.993901 -0.069580 0.085552 0.000000 0.057772 0.989365 0.133491 16.671700 -0.093930 -0.127735 0.987350 -2.516200 0.000000 0.000000 0.000000 1.000000
0.995435 -0.074106 0.060142 0.000000 0.067659 0.992383 0.102949 16.671700 -0.067313 -0.098410 0.992867 -2.516200 0.000000 0.000000 0.000000 1.000000
0.996217 -0.077630 0.039063 -0.000000 0.074245 0.993887 0.081711 16.671700 -0.045167 -0.078502 0.995890 -2.516200 0.000000 0.000000 0.000000 1.000000
0.996581 -0.078234 0.026574 0.000000 0.076228 0.994660 0.069574 16.671700 -0.031875 -0.067310 0.997223 -2.516200 0.000000 0.000000 0.000000 1.000000
0.996983 -0.074878 0.020457 -0.000000 0.073432 0.995237 0.064120 16.671700 -0.025161 -0.062424 0.997733 -2.516200 0.000000 0.000000 0.000000 1.000000
0.997296 -0.070882 0.019394 -0.000000 0.069534 0.995587 0.063022 16.671700 -0.023776 -0.061503 0.997824 -2.516200 0.000000 0.000000 0.000000 1.000000
0.997497 -0.067212 0.021965 0.000000 0.065694 0.995802 0.063733 16.671700 -0.026156 -0.062131 0.997725 -2.516200 0.000000 0.000000 0.000000 1.000000</float_array><technique_common><accessor source="#Neck-Matrix-animation-output-transform-array" count="21" stride="16"><param type="float4x4"/></accessor></technique_common></source><source id="Neck-Interpolations"><Name_array id="Neck-Interpolations-array" count="21">
 LINEAR LINEAR LINEAR LINEAR LINEAR LINEAR LINEAR LINEAR LINEAR LINEAR LINEAR
LINEAR LINEAR LINEAR LINEAR LINEAR LINEAR LINEAR LINEAR LINEAR LINEAR</Name_array><technique_common><accessor source="#Neck-Interpolations-array" count="21"><param type="name"/></accessor></technique_common></source><sampler id="Neck-Matrix-animation-transform"><input semantic="INPUT" source="#Neck-Matrix-animation-input"/><input semantic="OUTPUT" source="#Neck-Matrix-animation-output-transform"/><input semantic="INTERPOLATION" source="#Neck-Interpolations"/></sampler><channel source="#Neck-Matrix-animation-transform" target="Neck/matrix"/></animation>
    <animation id="Head-anim" name="Head"><source id="Head-Matrix-animation-input"><float_array id="Head-Matrix-animation-input-array" count="21">

0.000000 0.033333 0.066667 0.100000 0.133333 0.166667 0.200000 0.233333 0.266667 0.300000 0.333333 0.366667 0.400000 0.433333 0.466667 0.500000
0.533333 0.566667 0.600000 0.633333 0.666667</float_array><technique_common><accessor source="#Head-Matrix-animation-input-array" count="21"><param name="TIME" type="float"/></accessor></technique_common></source><source id="Head-Matrix-animation-output-transform"><float_array id="Head-Matrix-animation-output-transform-array" count="336">

0.203327 0.097892 0.974205 -0.000000 -0.103487 0.991565 -0.078037 9.617900 -0.973626 -0.084951 0.211742 1.685000 0.000000 0.000000 0.000000 1.000000
0.205132 0.099866 0.973626 -0.000000 -0.101915 0.991552 -0.080233 9.617900 -0.973414 -0.082769 0.213577 1.685000 0.000000 0.000000 0.000000 1.000000
0.207636 0.102181 0.972855 0.000000 -0.100259 0.991515 -0.082742 9.617900 -0.973055 -0.080358 0.216119 1.685000 0.000000 0.000000 0.000000 1.000000
0.204915 0.104377 0.973198 0.000000 -0.098179 0.991475 -0.085665 9.617900 -0.973843 -0.077994 0.213416 1.685000 0.000000 0.000000 0.000000 1.000000
0.198054 0.107041 0.974329 0.000000 -0.092847 0.991599 -0.090065 9.617900 -0.975784 -0.072626 0.206328 1.685000 0.000000 0.000000 0.000000 1.000000
0.183758 0.088205 0.979006 0.000000 -0.079014 0.994068 -0.074732 9.617900 -0.979791 -0.063623 0.189638 1.685000 0.000000 0.000000 0.000000 1.000000
0.128239 0.028952 0.991321 -0.000000 -0.066439 0.997579 -0.020541 9.617900 -0.989515 -0.063228 0.129852 1.685000 0.000000 0.000000 0.000000 1.000000
0.078421 -0.023379 0.996646 0.000000 -0.062708 0.997630 0.028336 9.617900 -0.994946 -0.064720 0.076769 1.685000 0.000000 0.000000 0.000000 1.000000
0.052872 -0.048878 0.997404 0.000000 -0.062977 0.996650 0.052179 9.617900 -0.996614 -0.065572 0.049616 1.685000 0.000000 0.000000 0.000000 1.000000
0.042170 -0.054030 0.997648 0.000000 -0.065034 0.996271 0.056704 9.617900 -0.996992 -0.067273 0.038499 1.685000 0.000000 0.000000 0.000000 1.000000
0.044404 -0.052745 0.997620 -0.000000 -0.047730 0.997353 0.054855 9.617900 -0.997873 -0.050052 0.041769 1.685000 0.000000 0.000000 0.000000 1.000000
0.078092 -0.042055 0.996059 0.000000 -0.079136 0.995696 0.048244 9.617900 -0.993800 -0.082592 0.074428 1.685000 0.000000 0.000000 0.000000 1.000000
0.133579 -0.028113 0.990639 0.000000 -0.128024 0.990732 0.045379 9.617900 -0.982734 -0.132887 0.128742 1.685000 0.000000 0.000000 0.000000 1.000000
0.201551 -0.016627 0.979337 0.000000 -0.179827 0.982232 0.053686 9.617900 -0.962829 -0.186931 0.194980 1.685000 0.000000 0.000000 0.000000 1.000000
0.280752 -0.010855 0.959719 -0.000000 -0.221203 0.972285 0.075707 9.617900 -0.933942 -0.233547 0.270570 1.685000 0.000000 0.000000 0.000000 1.000000
0.369135 -0.011108 0.929309 -0.000000 -0.246169 0.963045 0.109294 9.617900 -0.896181 -0.269111 0.352760 1.685000 0.000000 0.000000 0.000000 1.000000
0.449577 -0.012210 0.893158 0.000000 -0.254639 0.956664 0.141252 9.617900 -0.856177 -0.290936 0.426985 1.685000 0.000000 0.000000 0.000000 1.000000
0.504669 -0.014259 0.863195 0.000000 -0.254742 0.952884 0.164676 9.617900 -0.824873 -0.302999 0.477259 1.685000 0.000000 0.000000 0.000000 1.000000
0.538935 -0.018386 0.842147 0.000000 -0.249372 0.951464 0.180359 9.617900 -0.804589 -0.307209 0.508192 1.685000 0.000000 0.000000 0.000000 1.000000
0.559955 -0.020282 0.828275 0.000000 -0.244592 0.951098 0.188645 9.617900 -0.791597 -0.308222 0.527611 1.685000 0.000000 0.000000 0.000000 1.000000
0.571281 -0.021133 0.820482 -0.000000 -0.240972 0.951293 0.192285 9.617900 -0.784583 -0.307562 0.538363 1.685000 0.000000 0.000000 0.000000 1.000000</float_array><technique_common><accessor source="#Head-Matrix-animation-output-transform-array" count="21" stride="16"><param type="float4x4"/></accessor></technique_common></source><source id="Head-Interpolations"><Name_array id="Head-Interpolations-array" count="21">
 LINEAR LINEAR LINEAR LINEAR LINEAR LINEAR LINEAR LINEAR LINEAR LINEAR LINEAR
LINEAR LINEAR LINEAR LINEAR LINEAR LINEAR LINEAR LINEAR LINEAR LINEAR</Name_array><technique_common><accessor source="#Head-Interpolations-array" count="21"><param type="name"/></accessor></technique_common></source><sampler id="Head-Matrix-animation-transform"><input semantic="INPUT" source="#Head-Matrix-animation-input"/><input semantic="OUTPUT" source="#Head-Matrix-animation-output-transform"/><input semantic="INTERPOLATION" source="#Head-Interpolations"/></sampler><channel source="#Head-Matrix-animation-transform" target="Head/matrix"/></animation>
    <animation id="LeftShoulder-anim" name="LeftShoulder"><source id="LeftShoulder-Matrix-animation-input"><float_array id="LeftShoulder-Matrix-animation-input-array" count="21">

0.000000 0.033333 0.066667 0.100000 0.133333 0.166667 0.200000 0.233333 0.266667 0.300000 0.333333 0.366667 0.400000 0.433333 0.466667 0.500000
0.533333 0.566667 0.600000 0.633333 0.666667</float_array><technique_common><accessor source="#LeftShoulder-Matrix-animation-input-array" count="21"><param name="TIME" type="float"/></accessor></technique_common></source><source id="LeftShoulder-Matrix-animation-output-transform"><float_array id="LeftShoulder-Matrix-animation-output-transform-array" count="336">

0.976672 -0.211313 -0.038186 4.570400 0.206900 0.973634 -0.096069 10.946000 0.057480 0.085927 0.994642 -2.628000 0.000000 0.000000 0.000000 1.000000
0.971178 -0.235351 -0.037737 4.570400 0.230156 0.967108 -0.108309 10.946000 0.061986 0.096502 0.993401 -2.628000 0.000000 0.000000 0.000000 1.000000
0.971439 -0.232098 -0.049359 4.570400 0.226089 0.968494 -0.104419 10.946000 0.072040 0.090277 0.993308 -2.628000 0.000000 0.000000 0.000000 1.000000
0.972064 -0.224293 -0.069169 4.570400 0.216982 0.971084 -0.099570 10.946000 0.089502 0.081780 0.992624 -2.628000 0.000000 0.000000 0.000000 1.000000
0.972829 -0.209992 -0.097509 4.570400 0.200968 0.975008 -0.094718 10.946000 0.114962 0.072548 0.990717 -2.628000 0.000000 0.000000 0.000000 1.000000
0.974596 -0.188893 -0.120337 4.570400 0.179261 0.979993 -0.086483 10.946000 0.134266 0.062714 0.988959 -2.628000 0.000000 0.000000 0.000000 1.000000
0.977741 -0.167428 -0.126452 4.570400 0.158952 0.984475 -0.074453 10.946000 0.136954 0.052696 0.989175 -2.628000 0.000000 0.000000 0.000000 1.000000
0.980928 -0.152294 -0.120776 4.570400 0.145515 0.987339 -0.063142 10.946000 0.128863 0.044363 0.990670 -2.628000 0.000000 0.000000 0.000000 1.000000
0.984114 -0.140043 -0.109122 4.570400 0.134919 0.989436 -0.053038 10.946000 0.115397 0.037473 0.992612 -2.628000 0.000000 0.000000 0.000000 1.000000
0.986876 -0.128974 -0.097164 4.570400 0.125108 0.991126 -0.044913 10.946000 0.102094 0.032167 0.994255 -2.628000 0.000000 0.000000 0.000000 1.000000
0.989131 -0.117260 -0.088709 4.570400 0.114169 0.992689 -0.039169 10.946000 0.092653 0.028615 0.995287 -2.628000 0.000000 0.000000 0.000000 1.000000
0.991472 -0.102901 -0.079965 4.570400 0.100256 0.994295 -0.036431 10.946000 0.083257 0.028103 0.996132 -2.628000 0.000000 0.000000 0.000000 1.000000
0.993895 -0.084184 -0.071310 4.570400 0.081821 0.996017 -0.035440 10.946000 0.074009 0.029389 0.996824 -2.628000 0.000000 0.000000 0.000000 1.000000
0.996140 -0.060498 -0.063601 4.570400 0.058486 0.997742 -0.033034 10.946000 0.065456 0.029187 0.997429 -2.628000 0.000000 0.000000 0.000000 1.000000
0.997814 -0.033031 -0.057244 4.570400 0.031116 0.998936 -0.034027 10.946000 0.058307 0.032171 0.997780 -2.628000 0.000000 0.000000 0.000000 1.000000
0.998588 0.001408 -0.053104 4.570400 -0.003335 0.999338 -0.036216 10.946000 0.053017 0.036342 0.997932 -2.628000 0.000000 0.000000 0.000000 1.000000
0.997594 0.046794 -0.051149 4.570400 -0.048723 0.998121 -0.037150 10.946000 0.049315 0.039553 0.998000 -2.628000 0.000000 0.000000 0.000000 1.000000
0.993284 0.103739 -0.051235 4.570400 -0.105606 0.993786 -0.035181 10.946000 0.047267 0.040355 0.998067 -2.628000 0.000000 0.000000 0.000000 1.000000
0.986706 0.153823 -0.052443 4.570400 -0.155691 0.987234 -0.033607 10.946000 0.046604 0.041326 0.998058 -2.628000 0.000000 0.000000 0.000000 1.000000
0.980189 0.190555 -0.054013 4.570400 -0.192472 0.980754 -0.032792 10.946000 0.046725 0.042538 0.998002 -2.628000 0.000000 0.000000 0.000000 1.000000
0.976028 0.210539 -0.055163 4.570400 -0.212503 0.976621 -0.032479 10.946000 0.047035 0.043423 0.997949 -2.628000 0.000000 0.000000 0.000000 1.000000</float_array><technique_common><accessor source="#LeftShoulder-Matrix-animation-output-transform-array" count="21" stride="16"><param type="float4x4"/></accessor></technique_common></source><source id="LeftShoulder-Interpolations"><Name_array id="LeftShoulder-Interpolations-array" count="21">
 LINEAR LINEAR LINEAR LINEAR LINEAR LINEAR LINEAR LINEAR LINEAR LINEAR LINEAR
LINEAR LINEAR LINEAR LINEAR LINEAR LINEAR LINEAR LINEAR LINEAR LINEAR</Name_array><technique_common><accessor source="#LeftShoulder-Interpolations-array" count="21"><param type="name"/></accessor></technique_common></source><sampler id="LeftShoulder-Matrix-animation-transform"><input semantic="INPUT" source="#LeftShoulder-Matrix-animation-input"/><input semantic="OUTPUT" source="#LeftShoulder-Matrix-animation-output-transform"/><input semantic="INTERPOLATION" source="#LeftShoulder-Interpolations"/></sampler><channel source="#LeftShoulder-Matrix-animation-transform" target="LeftShoulder/matrix"/></animation>
    <animation id="LeftArm-anim" name="LeftArm"><source id="LeftArm-Matrix-animation-input"><float_array id="LeftArm-Matrix-animation-input-array" count="21">

0.000000 0.033333 0.066667 0.100000 0.133333 0.166667 0.200000 0.233333 0.266667 0.300000 0.333333 0.366667 0.400000 0.433333 0.466667 0.500000
0.533333 0.566667 0.600000 0.633333 0.666667</float_array><technique_common><accessor source="#LeftArm-Matrix-animation-input-array" count="21"><param name="TIME" type="float"/></accessor></technique_common></source><source id="LeftArm-Matrix-animation-output-transform"><float_array id="LeftArm-Matrix-animation-output-transform-array" count="336">

0.994477 -0.038683 0.097571 10.592400 -0.036180 0.746289 0.664638 -0.524600 -0.098526 -0.664497 0.740768 -2.232100 0.000000 0.000000 0.000000 1.000000
0.993380 -0.014043 0.114010 10.592400 -0.064685 0.751800 0.656211 -0.524600 -0.094928 -0.659241 0.745915 -2.232100 0.000000 0.000000 0.000000 1.000000
0.994306 -0.018376 0.104964 10.592400 -0.055612 0.750752 0.658240 -0.524600 -0.090898 -0.660329 0.745455 -2.232100 0.000000 0.000000 0.000000 1.000000
0.995396 -0.029770 0.091103 10.592400 -0.037772 0.751762 0.658351 -0.524600 -0.088087 -0.658762 0.747177 -2.232100 0.000000 0.000000 0.000000 1.000000
0.996667 -0.049908 0.064532 10.592400 -0.004400 0.756994 0.653408 -0.524600 -0.081461 -0.651514 0.754251 -2.232100 0.000000 0.000000 0.000000 1.000000
0.995159 -0.086358 0.046907 10.592400 0.038379 0.780915 0.623457 -0.524600 -0.090471 -0.618639 0.780449 -2.232100 0.000000 0.000000 0.000000 1.000000
0.981725 -0.163889 0.096728 10.592400 0.071044 0.787152 0.612654 -0.524600 -0.176547 -0.594586 0.784410 -2.232100 0.000000 0.000000 0.000000 1.000000
0.957811 -0.217375 0.188004 10.592400 0.063537 0.798133 0.599122 -0.524600 -0.280286 -0.561901 0.778272 -2.232100 0.000000 0.000000 0.000000 1.000000
0.944849 -0.251340 0.209972 10.592400 0.085888 0.808846 0.581715 -0.524600 -0.316043 -0.531598 0.785824 -2.232100 0.000000 0.000000 0.000000 1.000000
0.937215 -0.266784 0.224621 10.592400 0.090599 0.808205 0.581890 -0.524600 -0.336779 -0.525006 0.781632 -2.232100 0.000000 0.000000 0.000000 1.000000
0.936002 -0.273544 0.221525 10.592400 0.096129 0.804069 0.586713 -0.524600 -0.338613 -0.527870 0.778906 -2.232100 0.000000 0.000000 0.000000 1.000000
0.947319 -0.252597 0.196928 10.592400 0.076515 0.775517 0.626673 -0.524600 -0.311017 -0.578591 0.753990 -2.232100 0.000000 0.000000 0.000000 1.000000
0.961162 -0.187865 0.202172 10.592400 -0.000870 0.730487 0.682927 -0.524600 -0.275982 -0.656579 0.701953 -2.232100 0.000000 0.000000 0.000000 1.000000
0.971131 -0.090398 0.220754 10.592400 -0.103300 0.674779 0.730754 -0.524600 -0.215019 -0.732462 0.645961 -2.232100 0.000000 0.000000 0.000000 1.000000
0.967365 0.035713 0.250858 10.592400 -0.219349 0.613654 0.758495 -0.524600 -0.126852 -0.788767 0.601461 -2.232100 0.000000 0.000000 0.000000 1.000000
0.942953 0.176750 0.282132 10.592400 -0.332175 0.556347 0.761668 -0.524600 -0.022339 -0.811934 0.583321 -2.232100 0.000000 0.000000 0.000000 1.000000
0.898400 0.309055 0.312030 10.592400 -0.434820 0.526087 0.730865 -0.524600 0.061722 -0.792286 0.607020 -2.232100 0.000000 0.000000 0.000000 1.000000
0.849368 0.398114 0.346525 10.592400 -0.518559 0.507123 0.688420 -0.524600 0.098339 -0.764416 0.637179 -2.232100 0.000000 0.000000 0.000000 1.000000
0.802185 0.457508 0.383646 10.592400 -0.588021 0.493879 0.640559 -0.524600 0.103586 -0.739439 0.665207 -2.232100 0.000000 0.000000 0.000000 1.000000
0.763491 0.494920 0.414893 10.592400 -0.638333 0.480787 0.601145 -0.524600 0.098043 -0.723809 0.683000 -2.232100 0.000000 0.000000 0.000000 1.000000
0.740905 0.512969 0.433501 10.592400 -0.665324 0.472491 0.578010 -0.524600 0.091676 -0.716669 0.691362 -2.232100 0.000000 0.000000 0.000000 1.000000</float_array><technique_common><accessor source="#LeftArm-Matrix-animation-output-transform-array" count="21" stride="16"><param type="float4x4"/></accessor></technique_common></source><source id="LeftArm-Interpolations"><Name_array id="LeftArm-Interpolations-array" count="21">
 LINEAR LINEAR LINEAR LINEAR LINEAR LINEAR LINEAR LINEAR LINEAR LINEAR LINEAR
LINEAR LINEAR LINEAR LINEAR LINEAR LINEAR LINEAR LINEAR LINEAR LINEAR</Name_array><technique_common><accessor source="#LeftArm-Interpolations-array" count="21"><param type="name"/></accessor></technique_common></source><sampler id="LeftArm-Matrix-animation-transform"><input semantic="INPUT" source="#LeftArm-Matrix-animation-input"/><input semantic="OUTPUT" source="#LeftArm-Matrix-animation-output-transform"/><input semantic="INTERPOLATION" source="#LeftArm-Interpolations"/></sampler><channel source="#LeftArm-Matrix-animation-transform" target="LeftArm/matrix"/></animation>
    <animation id="LeftForeArm-anim" name="LeftForeArm"><source id="LeftForeArm-Matrix-animation-input"><float_array id="LeftForeArm-Matrix-animation-input-array" count="21">

0.000000 0.033333 0.066667 0.100000 0.133333 0.166667 0.200000 0.233333 0.266667 0.300000 0.333333 0.366667 0.400000 0.433333 0.466667 0.500000
0.533333 0.566667 0.600000 0.633333 0.666667</float_array><technique_common><accessor source="#LeftForeArm-Matrix-animation-input-array" count="21"><param name="TIME" type="float"/></accessor></technique_common></source><source id="LeftForeArm-Matrix-animation-output-transform"><float_array id="LeftForeArm-Matrix-animation-output-transform-array" count="336">

0.974434 0.004936 -0.224620 27.841499 -0.005242 0.999986 -0.000766 -0.000100 0.224613 0.001924 0.974446 -0.000000 0.000000 0.000000 0.000000 1.000000
0.971996 0.011394 -0.234722 27.841499 -0.006229 0.999722 0.022735 -0.000100 0.234916 -0.020637 0.971797 0.000000 0.000000 0.000000 0.000000 1.000000
0.970641 0.010773 -0.240291 27.841499 -0.005435 0.999724 0.022867 -0.000100 0.240471 -0.020889 0.970431 -0.000000 0.000000 0.000000 0.000000 1.000000
0.969757 0.010107 -0.243862 27.841499 -0.004643 0.999725 0.022967 -0.000100 0.244027 -0.021140 0.969538 0.000000 0.000000 0.000000 0.000000 1.000000
0.969833 0.024611 -0.242525 27.841499 -0.007567 0.997451 0.070959 -0.000100 0.243653 -0.066983 0.967547 0.000000 0.000000 0.000000 0.000000 1.000000
0.973232 0.009419 -0.229630 27.841499 -0.003396 0.999640 0.026609 -0.000100 0.229798 -0.025117 0.972914 0.000000 0.000000 0.000000 0.000000 1.000000
0.982918 0.004249 -0.183995 27.841499 -0.001756 0.999904 0.013709 -0.000100 0.184036 -0.013152 0.982832 0.000000 0.000000 0.000000 0.000000 1.000000
0.984992 0.016168 -0.171843 27.841499 -0.004983 0.997852 0.065322 -0.000100 0.172530 -0.063486 0.982956 -0.000000 0.000000 0.000000 0.000000 1.000000
