<?xml version="1.0" encoding="utf-8"?>
<COLLADA xmlns="http://www.collada.org/2005/11/COLLADASchema" version="1.4.1">
  <asset><contributor><author>Mixamo</author><authoring_tool>COLLADA Mixamo exporter</authoring_tool><comments></comments></contributor><created>2018-11-02T16:04:25Z</created><modified>2018-11-02T16:04:25Z</modified><revision></revision><title></title><unit meter="0.010000"/><up_axis>Y_UP</up_axis></asset>
  <library_animations>
    <animation id="Hips-anim" name="Hips"><source id="Hips-Matrix-animation-input"><float_array id="Hips-Matrix-animation-input-array" count="31">

0.000000 0.033333 0.066667 0.100000 0.133333 0.166667 0.200000 0.233333 0.266667 0.300000 0.333333 0.366667 0.400000 0.433333 0.466667 0.500000
0.533333 0.566667 0.600000 0.633333 0.666667 0.700000 0.733333 0.766667 0.800000 0.833333 0.866667 0.900000 0.933333 0.966667 1.000000</float_array><technique_common><accessor source="#Hips-Matrix-animation-input-array" count="31"><param name="TIME" type="float"/></accessor></technique_common></source><source id="Hips-Matrix-animation-output-transform"><float_array id="Hips-Matrix-animation-output-transform-array" count="496">

0.467336 -0.083751 -0.880104 -0.000018 0.030092 0.996433 -0.078842 93.965195 0.883568 0.010362 0.468189 -0.000029 0.000000 0.000000 0.000000 1.000000
0.456834 -0.061342 -0.887434 0.043897 0.018626 0.998060 -0.059400 93.996475 0.889357 0.010607 0.457091 -0.004016 0.000000 0.000000 0.000000 1.000000
0.431962 -0.035211 -0.901204 0.066230 0.005005 0.999316 -0.036646 93.986801 0.901878 0.011319 0.431843 0.001695 0.000000 0.000000 0.000000 1.000000
0.405095 -0.009022 -0.914230 0.067622 -0.008426 0.999872 -0.013601 93.892319 0.914236 0.013213 0.404967 0.041125 0.000000 0.000000 0.000000 1.000000
0.389437 0.013564 -0.920953 0.053969 -0.020110 0.999778 0.006221 93.670418 0.920834 0.016098 0.389623 0.109078 0.000000 0.000000 0.000000 1.000000
0.403223 0.019089 -0.914903 0.015712 -0.026094 0.999616 0.009356 93.267479 0.914730 0.020101 0.403566 0.165404 0.000000 0.000000 0.000000 1.000000
0.431960 0.003557 -0.901886 -0.049628 -0.023839 0.999688 -0.007475 92.643234 0.901578 0.024729 0.431910 0.133290 0.000000 0.000000 0.000000 1.000000
0.468635 -0.004775 -0.883379 -0.013526 -0.021980 0.999613 -0.017064 91.926399 0.883118 0.027413 0.468349 -0.112129 0.000000 0.000000 0.000000 1.000000
0.507508 -0.003567 -0.861640 0.202955 -0.021480 0.999628 -0.016790 91.255081 0.861380 0.027029 0.507242 -0.559192 0.000000 0.000000 0.000000 1.000000
0.547123 0.005481 -0.837034 0.604385 -0.022718 0.999707 -0.008303 90.653000 0.836744 0.023558 0.547087 -1.031301 0.000000 0.000000 0.000000 1.000000
0.584952 0.016432 -0.810901 1.241437 -0.025729 0.999668 0.001697 90.134743 0.810659 0.019871 0.585181 -1.556237 0.000000 0.000000 0.000000 1.000000
0.610484 0.005863 -0.792007 2.100771 -0.015886 0.999862 -0.004843 89.701691 0.791869 0.015538 0.610493 -2.179507 0.000000 0.000000 0.000000 1.000000
0.617814 -0.006759 -0.786295 2.855832 -0.004874 0.999911 -0.012425 89.400833 0.786309 0.011509 0.617726 -2.810937 0.000000 0.000000 0.000000 1.000000
0.609908 -0.019154 -0.792240 3.418501 0.004399 0.999774 -0.020785 89.278137 0.792460 0.009192 0.609855 -3.319290 0.000000 0.000000 0.000000 1.000000
0.591745 -0.028476 -0.805622 3.699125 0.009326 0.999551 -0.028480 89.347481 0.806072 0.009339 0.591744 -3.575558 0.000000 0.000000 0.000000 1.000000
0.573799 -0.033554 -0.818308 3.889651 0.009454 0.999365 -0.034349 89.535423 0.818941 0.011973 0.573752 -3.684887 0.000000 0.000000 0.000000 1.000000
0.553340 -0.035788 -0.832187 4.023301 0.006515 0.999232 -0.038640 89.744019 0.832930 0.015960 0.553148 -3.754560 0.000000 0.000000 0.000000 1.000000
0.523513 -0.036098 -0.851253 4.281461 0.001470 0.999139 -0.041466 90.073311 0.852017 0.020457 0.523115 -3.816398 0.000000 0.000000 0.000000 1.000000
0.476236 -0.033973 -0.878661 4.504570 -0.005824 0.999110 -0.041787 90.608963 0.879298 0.025018 0.475614 -3.843133 0.000000 0.000000 0.000000 1.000000
0.407094 -0.024579 -0.913055 4.579679 -0.017853 0.999233 -0.034859 91.442894 0.913212 0.030491 0.406343 -3.768279 0.000000 0.000000 0.000000 1.000000
0.329480 -0.012628 -0.944078 4.546421 -0.029663 0.999279 -0.023719 92.400482 0.943696 0.035819 0.328868 -3.587690 0.000000 0.000000 0.000000 1.000000
0.252469 -0.000798 -0.967605 4.420478 -0.038432 0.999202 -0.010852 93.410110 0.966841 0.039927 0.252237 -3.254815 0.000000 0.000000 0.000000 1.000000
0.185004 0.007799 -0.982707 4.267774 -0.044830 0.998994 -0.000512 94.338974 0.981715 0.044150 0.185167 -2.830273 0.000000 0.000000 0.000000 1.000000
0.131362 0.006671 -0.991312 4.079736 -0.046818 0.998903 0.000518 95.032310 0.990228 0.046343 0.131530 -2.431972 0.000000 0.000000 0.000000 1.000000
0.089252 0.000970 -0.996009 3.918558 -0.043345 0.999056 -0.002911 95.595207 0.995066 0.043432 0.089209 -2.028020 0.000000 0.000000 0.000000 1.000000
0.053897 -0.006837 -0.998523 3.721139 -0.036086 0.999310 -0.008791 96.062592 0.997894 0.036506 0.053613 -1.623658 0.000000 0.000000 0.000000 1.000000
0.026898 -0.015779 -0.999514 3.552114 -0.028827 0.999447 -0.016554 96.406776 0.999222 0.029258 0.026428 -1.229196 0.000000 0.000000 0.000000 1.000000
0.010225 -0.024879 -0.999638 3.449977 -0.023018 0.999420 -0.025109 96.669914 0.999683 0.023267 0.009646 -0.820217 0.000000 0.000000 0.000000 1.000000
-0.005294 -0.033164 -0.999436 3.378052 -0.016522 0.999316 -0.033073 96.873169 0.999849 0.016338 -0.005838 -0.471181 0.000000 0.000000 0.000000 1.000000
-0.017749 -0.039648 -0.999056 3.338369 -0.012164 0.999148 -0.039435 96.984222 0.999768 0.011453 -0.018217 -0.231082 0.000000 0.000000 0.000000 1.000000
-0.022003 -0.043362 -0.998817 3.350397 -0.011054 0.999008 -0.043127 97.031265 0.999697 0.010092 -0.022460 -0.077899 0.000000 0.000000 0.000000 1.000000</float_array><technique_common><accessor source="#Hips-Matrix-animation-output-transform-array" count="31" stride="16"><param type="float4x4"/></accessor></technique_common></source><source id="Hips-Interpolations"><Name_array id="Hips-Interpolations-array" count="31">
 LINEAR LINEAR LINEAR LINEAR LINEAR LINEAR LINEAR LINEAR LINEAR LINEAR LINEAR
LINEAR LINEAR LINEAR LINEAR LINEAR LINEAR LINEAR LINEAR LINEAR LINEAR LINEAR LINEAR
LINEAR LINEAR LINEAR LINEAR LINEAR LINEAR LINEAR LINEAR</Name_array><technique_common><accessor source="#Hips-Interpolations-array" count="31"><param type="name"/></accessor></technique_common></source><sampler id="Hips-Matrix-animation-transform"><input semantic="INPUT" source="#Hips-Matrix-animation-input"/><input semantic="OUTPUT" source="#Hips-Matrix-animation-output-transform"/><input semantic="INTERPOLATION" source="#Hips-Interpolations"/></sampler><channel source="#Hips-Matrix-animation-transform" target="Hips/matrix"/></animation>
    <animation id="Spine-anim" name="Spine"><source id="Spine-Matrix-animation-input"><float_array id="Spine-Matrix-animation-input-array" count="31">

0.000000 0.033333 0.066667 0.100000 0.133333 0.166667 0.200000 0.233333 0.266667 0.300000 0.333333 0.366667 0.400000 0.433333 0.466667 0.500000
0.533333 0.566667 0.600000 0.633333 0.666667 0.700000 0.733333 0.766667 0.800000 0.833333 0.866667 0.900000 0.933333 0.966667 1.000000</float_array><technique_common><accessor source="#Spine-Matrix-animation-input-array" count="31"><param name="TIME" type="float"/></accessor></technique_common></source><source id="Spine-Matrix-animation-output-transform"><float_array id="Spine-Matrix-animation-output-transform-array" count="496">

0.997185 0.074816 -0.005001 0.000000 -0.073541 0.962818 -0.259947 10.181600 -0.014633 0.259583 0.965610 0.131500 0.000000 0.000000 0.000000 1.000000
0.997314 0.073103 -0.004470 0.000000 -0.071826 0.964307 -0.254857 10.181600 -0.014321 0.254494 0.966968 0.131500 0.000000 0.000000 0.000000 1.000000
0.997636 0.068653 -0.002879 0.000000 -0.067319 0.968145 -0.241171 10.181600 -0.013770 0.240794 0.970478 0.131500 0.000000 0.000000 0.000000 1.000000
0.998048 0.062452 -0.000466 0.000000 -0.061007 0.973310 -0.221238 10.181600 -0.013363 0.220835 0.975220 0.131500 0.000000 0.000000 0.000000 1.000000
0.998454 0.055514 0.002729 0.000000 -0.053884 0.978836 -0.197423 10.181600 -0.013631 0.196970 0.980315 0.131500 0.000000 0.000000 0.000000 1.000000
0.998786 0.048839 0.006499 -0.000000 -0.046993 0.983949 -0.172150 10.181600 -0.014802 0.171636 0.985049 0.131500 0.000000 0.000000 0.000000 1.000000
0.999034 0.042597 0.010827 0.000000 -0.040531 0.988170 -0.147909 10.181600 -0.016999 0.147327 0.988942 0.131500 0.000000 0.000000 0.000000 1.000000
0.999255 0.035203 0.015839 0.000000 -0.032908 0.991331 -0.127197 10.181600 -0.020179 0.126581 0.991751 0.131500 0.000000 0.000000 0.000000 1.000000
0.999309 0.025494 0.027060 0.000000 -0.022257 0.993251 -0.113830 10.181600 -0.029779 0.113149 0.993132 0.131500 0.000000 0.000000 0.000000 1.000000
0.998743 0.013612 0.048247 0.000000 -0.008147 0.993708 -0.111707 10.181600 -0.049464 0.111173 0.992569 0.131500 0.000000 0.000000 0.000000 1.000000
0.997544 0.001084 0.070038 0.000000 0.006942 0.993428 -0.114249 10.181600 -0.069702 0.114454 0.990980 0.131500 0.000000 0.000000 0.000000 1.000000
0.994914 -0.001489 0.100713 -0.000000 0.013546 0.992785 -0.119140 10.181600 -0.099809 0.119898 0.987756 0.131500 0.000000 0.000000 0.000000 1.000000
0.990107 0.008464 0.140056 -0.000000 0.009481 0.991862 -0.126966 10.181600 -0.139991 0.127038 0.981969 0.131500 0.000000 0.000000 0.000000 1.000000
0.985196 0.020649 0.170186 0.000000 0.002943 0.990536 -0.137224 10.181600 -0.171409 0.135693 0.975811 0.131500 0.000000 0.000000 0.000000 1.000000
0.981579 0.034545 0.187907 0.000000 -0.006171 0.988737 -0.149535 10.181600 -0.190956 0.145621 0.970737 0.131500 0.000000 0.000000 0.000000 1.000000
0.977319 0.058751 0.203458 0.000000 -0.024453 0.985628 -0.167152 10.181600 -0.210354 0.158386 0.964710 0.131500 0.000000 0.000000 0.000000 1.000000
0.973103 0.078911 0.216435 -0.000000 -0.038008 0.981622 -0.187010 10.181600 -0.227215 0.173754 0.958219 0.131500 0.000000 0.000000 0.000000 1.000000
0.972009 0.097203 0.213894 0.000000 -0.052340 0.977111 -0.206191 10.181600 -0.229040 0.189224 0.954848 0.131500 0.000000 0.000000 0.000000 1.000000
0.975085 0.112349 0.191278 0.000000 -0.070783 0.974767 -0.211705 10.181600 -0.210236 0.192891 0.958433 0.131500 0.000000 0.000000 0.000000 1.000000
0.979479 0.123537 0.159245 0.000000 -0.088743 0.973758 -0.209573 10.181600 -0.180956 0.191141 0.964738 0.131500 0.000000 0.000000 0.000000 1.000000
0.983272 0.130144 0.127429 0.000000 -0.102584 0.973795 -0.202976 10.181600 -0.150506 0.186509 0.970857 0.131500 0.000000 0.000000 0.000000 1.000000
0.985422 0.133958 0.104877 0.000000 -0.111573 0.974230 -0.196029 10.181600 -0.128434 0.181470 0.974974 0.131500 0.000000 0.000000 0.000000 1.000000
0.987176 0.135361 0.084625 0.000000 -0.117332 0.974683 -0.190332 10.181600 -0.108246 0.177962 0.978066 0.131500 0.000000 0.000000 0.000000 1.000000
0.989204 0.134439 0.058321 0.000000 -0.122348 0.976709 -0.176270 10.181600 -0.080660 0.167232 0.982613 0.131500 0.000000 0.000000 0.000000 1.000000
0.990660 0.132638 0.031632 -0.000000 -0.126118 0.979470 -0.157268 10.181600 -0.051843 0.151809 0.987049 0.131500 0.000000 0.000000 0.000000 1.000000
0.991333 0.131160 0.007474 0.000000 -0.128837 0.981744 -0.139927 10.181600 -0.025690 0.137751 0.990134 0.131500 0.000000 0.000000 0.000000 1.000000
0.991294 0.131177 -0.011332 0.000000 -0.131552 0.983191 -0.126612 10.181600 -0.005467 0.127000 0.991888 0.131500 0.000000 0.000000 0.000000 1.000000
0.990748 0.133252 -0.025752 -0.000000 -0.135344 0.984141 -0.114667 10.181600 0.010064 0.117091 0.993070 0.131500 0.000000 0.000000 0.000000 1.000000
0.990190 0.135998 -0.032083 0.000000 -0.138659 0.984726 -0.105303 10.181600 0.017272 0.108719 0.993922 0.131500 0.000000 0.000000 0.000000 1.000000
0.989774 0.137725 -0.037145 0.000000 -0.140770 0.985153 -0.098277 10.181600 0.023058 0.102500 0.994466 0.131500 0.000000 0.000000 0.000000 1.000000
0.989646 0.137762 -0.040289 -0.000000 -0.141027 0.985496 -0.094383 10.181600 0.026703 0.099088 0.994720 0.131500 0.000000 0.000000 0.000000 1.000000</float_array><technique_common><accessor source="#Spine-Matrix-animation-output-transform-array" count="31" stride="16"><param type="float4x4"/></accessor></technique_common></source><source id="Spine-Interpolations"><Name_array id="Spine-Interpolations-array" count="31">
 LINEAR LINEAR LINEAR LINEAR LINEAR LINEAR LINEAR LINEAR LINEAR LINEAR LINEAR
LINEAR LINEAR LINEAR LINEAR LINEAR LINEAR LINEAR LINEAR LINEAR LINEAR LINEAR LINEAR
LINEAR LINEAR LINEAR LINEAR LINEAR LINEAR LINEAR LINEAR</Name_array><technique_common><accessor source="#Spine-Interpolations-array" count="31"><param type="name"/></accessor></technique_common></source><sampler id="Spine-Matrix-animation-transform"><input semantic="INPUT" source="#Spine-Matrix-animation-input"/><input semantic="OUTPUT" source="#Spine-Matrix-animation-output-transform"/><input semantic="INTERPOLATION" source="#Spine-Interpolations"/></sampler><channel source="#Spine-Matrix-animation-transform" target="Spine/matrix"/></animation>
    <animation id="Spine1-anim" name="Spine1"><source id="Spine1-Matrix-animation-input"><float_array id="Spine1-Matrix-animation-input-array" count="31">

0.000000 0.033333 0.066667 0.100000 0.133333 0.166667 0.200000 0.233333 0.266667 0.300000 0.333333 0.366667 0.400000 0.433333 0.466667 0.500000
0.533333 0.566667 0.600000 0.633333 0.666667 0.700000 0.733333 0.766667 0.800000 0.833333 0.866667 0.900000 0.933333 0.966667 1.000000</float_array><technique_common><accessor source="#Spine1-Matrix-animation-input-array" count="31"><param name="TIME" type="float"/></accessor></technique_common></source><source id="Spine1-Matrix-animation-output-transform"><float_array id="Spine1-Matrix-animation-output-transform-array" count="496">

0.998755 0.048873 0.009970 -0.000000 -0.047600 0.993612 -0.102315 10.083500 -0.014907 0.101713 0.994702 -1.000800 0.000000 0.000000 0.000000 1.000000
0.998932 0.045391 0.008683 0.000000 -0.044300 0.994015 -0.099862 10.083500 -0.013164 0.099371 0.994963 -1.000800 0.000000 0.000000 0.000000 1.000000
0.999300 0.037022 0.005299 -0.000000 -0.036367 0.994974 -0.093299 10.083500 -0.008727 0.093041 0.995624 -1.000800 0.000000 0.000000 0.000000 1.000000
0.999642 0.026760 0.000571 0.000000 -0.026618 0.996112 -0.083978 10.083500 -0.002816 0.083933 0.996467 -1.000800 0.000000 0.000000 0.000000 1.000000
0.999834 0.017600 -0.004754 0.000000 -0.017900 0.997157 -0.073191 10.083500 0.003453 0.073263 0.997307 -1.000800 0.000000 0.000000 0.000000 1.000000
0.999872 0.012548 -0.009916 0.000000 -0.013140 0.997984 -0.062085 10.083500 0.009117 0.062207 0.998022 -1.000800 0.000000 0.000000 0.000000 1.000000
0.999794 0.014565 -0.014163 0.000000 -0.015280 0.998542 -0.051780 10.083500 0.013388 0.051986 0.998558 -1.000800 0.000000 0.000000 0.000000 1.000000
0.999674 0.020100 -0.015725 -0.000000 -0.020769 0.998832 -0.043623 10.083500 0.014830 0.043935 0.998924 -1.000800 0.000000 0.000000 0.000000 1.000000
0.999700 0.023229 -0.007811 -0.000000 -0.023525 0.998910 -0.040304 10.083500 0.006866 0.040475 0.999157 -1.000800 0.000000 0.000000 0.000000 1.000000
0.999686 0.024760 0.003943 -0.000000 -0.024570 0.998791 -0.042573 10.083500 -0.004992 0.042462 0.999086 -1.000800 0.000000 0.000000 0.000000 1.000000
0.999528 0.026122 0.016141 -0.000000 -0.025314 0.998507 -0.048403 10.083500 -0.017381 0.047971 0.998697 -1.000800 0.000000 0.000000 0.000000 1.000000
0.999158 0.027834 0.030132 0.000000 -0.026145 0.998139 -0.055085 10.083500 -0.031609 0.054250 0.998027 -1.000800 0.000000 0.000000 0.000000 1.000000
0.998571 0.029824 0.044349 0.000000 -0.027103 0.997786 -0.060737 10.083500 -0.046062 0.059448 0.997168 -1.000800 0.000000 0.000000 0.000000 1.000000
0.997977 0.031774 0.055067 0.000000 -0.028320 0.997649 -0.062413 10.083500 -0.056920 0.060727 0.996530 -1.000800 0.000000 0.000000 0.000000 1.000000
0.997488 0.035704 0.061186 0.000000 -0.031973 0.997632 -0.060899 10.083500 -0.063215 0.058790 0.996267 -1.000800 0.000000 0.000000 0.000000 1.000000
0.996892 0.041082 0.067216 0.000000 -0.036813 0.997298 -0.063574 10.083500 -0.069646 0.060902 0.995711 -1.000800 0.000000 0.000000 0.000000 1.000000
0.996348 0.045168 0.072463 0.000000 -0.040281 0.996903 -0.067540 10.083500 -0.075290 0.064375 0.995082 -1.000800 0.000000 0.000000 0.000000 1.000000
0.996151 0.048957 0.072705 0.000000 -0.043680 0.996413 -0.072472 10.083500 -0.075992 0.069017 0.994717 -1.000800 0.000000 0.000000 0.000000 1.000000
0.996521 0.050866 0.066025 0.000000 -0.046167 0.996418 -0.070846 10.083500 -0.069392 0.067552 0.995300 -1.000800 0.000000 0.000000 0.000000 1.000000
0.997218 0.049026 0.056146 0.000000 -0.045259 0.996759 -0.066499 10.083500 -0.059224 0.063773 0.996206 -1.000800 0.000000 0.000000 0.000000 1.000000
0.997894 0.045628 0.046115 0.000000 -0.042725 0.997156 -0.062087 10.083500 -0.048817 0.059986 0.997005 -1.000800 0.000000 0.000000 0.000000 1.000000
0.998385 0.041283 0.039031 0.000000 -0.038937 0.997493 -0.059088 10.083500 -0.041372 0.057473 0.997489 -1.000800 0.000000 0.000000 0.000000 1.000000
0.998808 0.036391 0.032543 0.000000 -0.034493 0.997773 -0.057090 10.083500 -0.034548 0.055899 0.997838 -1.000800 0.000000 0.000000 0.000000 1.000000
0.999221 0.031392 0.023903 0.000000 -0.030027 0.998010 -0.055439 10.083500 -0.025595 0.054678 0.998176 -1.000800 0.000000 0.000000 0.000000 1.000000
0.999509 0.027408 0.015195 0.000000 -0.026550 0.998186 -0.054035 10.083500 -0.016648 0.053605 0.998423 -1.000800 0.000000 0.000000 0.000000 1.000000
0.999664 0.024977 0.006934 0.000000 -0.024577 0.998309 -0.052682 10.083500 -0.008238 0.052494 0.998587 -1.000800 0.000000 0.000000 0.000000 1.000000
0.999719 0.023720 0.000292 0.000000 -0.023674 0.998411 -0.051141 10.083500 -0.001505 0.051120 0.998691 -1.000800 0.000000 0.000000 0.000000 1.000000
0.999725 0.022955 -0.004769 0.000000 -0.023163 0.998512 -0.049363 10.083500 0.003628 0.049460 0.998770 -1.000800 0.000000 0.000000 0.000000 1.000000
0.999730 0.022195 -0.006868 0.000000 -0.022499 0.998597 -0.047946 10.083500 0.005795 0.048088 0.998826 -1.000800 0.000000 0.000000 0.000000 1.000000
0.999743 0.020992 -0.008578 0.000000 -0.021376 0.998643 -0.047482 10.083500 0.007570 0.047654 0.998835 -1.000800 0.000000 0.000000 0.000000 1.000000
0.999763 0.019538 -0.009601 0.000000 -0.019978 0.998645 -0.048051 10.083500 0.008649 0.048231 0.998799 -1.000800 0.000000 0.000000 0.000000 1.000000</float_array><technique_common><accessor source="#Spine1-Matrix-animation-output-transform-array" count="31" stride="16"><param type="float4x4"/></accessor></technique_common></source><source id="Spine1-Interpolations"><Name_array id="Spine1-Interpolations-array" count="31">
 LINEAR LINEAR LINEAR LINEAR LINEAR LINEAR LINEAR LINEAR LINEAR LINEAR LINEAR
LINEAR LINEAR LINEAR LINEAR LINEAR LINEAR LINEAR LINEAR LINEAR LINEAR LINEAR LINEAR
LINEAR LINEAR LINEAR LINEAR LINEAR LINEAR LINEAR LINEAR</Name_array><technique_common><accessor source="#Spine1-Interpolations-array" count="31"><param type="name"/></accessor></technique_common></source><sampler id="Spine1-Matrix-animation-transform"><input semantic="INPUT" source="#Spine1-Matrix-animation-input"/><input semantic="OUTPUT" source="#Spine1-Matrix-animation-output-transform"/><input semantic="INTERPOLATION" source="#Spine1-Interpolations"/></sampler><channel source="#Spine1-Matrix-animation-transform" target="Spine1/matrix"/></animation>
    <animation id="Spine2-anim" name="Spine2"><source id="Spine2-Matrix-animation-input"><float_array id="Spine2-Matrix-animation-input-array" count="31">

0.000000 0.033333 0.066667 0.100000 0.133333 0.166667 0.200000 0.233333 0.266667 0.300000 0.333333 0.366667 0.400000 0.433333 0.466667 0.500000
0.533333 0.566667 0.600000 0.633333 0.666667 0.700000 0.733333 0.766667 0.800000 0.833333 0.866667 0.900000 0.933333 0.966667 1.000000</float_array><technique_common><accessor source="#Spine2-Matrix-animation-input-array" count="31"><param name="TIME" type="float"/></accessor></technique_common></source><source id="Spine2-Matrix-animation-output-transform"><float_array id="Spine2-Matrix-animation-output-transform-array" count="496">

0.998694 0.049813 0.011325 0.000000 -0.048399 0.993582 -0.102241 9.100000 -0.016345 0.101560 0.994695 -1.373400 0.000000 0.000000 0.000000 1.000000
0.998888 0.046072 0.009990 0.000000 -0.044848 0.993995 -0.099813 9.100000 -0.014528 0.099254 0.994956 -1.373400 0.000000 0.000000 0.000000 1.000000
0.999291 0.037082 0.006477 0.000000 -0.036317 0.994974 -0.093321 9.100000 -0.009904 0.093020 0.995615 -1.373400 0.000000 0.000000 0.000000 1.000000
0.999659 0.026067 0.001547 0.000000 -0.025845 0.996120 -0.084121 9.100000 -0.003734 0.084052 0.996454 -1.373400 0.000000 0.000000 0.000000 1.000000
0.999860 0.016247 -0.004032 -0.000000 -0.016500 0.997160 -0.073480 9.100000 0.002827 0.073536 0.997289 -1.373400 0.000000 0.000000 0.000000 1.000000
0.999896 0.010860 -0.009497 0.000000 -0.011433 0.997978 -0.062531 9.100000 0.008799 0.062633 0.997998 -1.373400 0.000000 0.000000 0.000000 1.000000
0.999816 0.013081 -0.014048 -0.000000 -0.013800 0.998533 -0.052351 9.100000 0.013343 0.052536 0.998530 -1.373400 0.000000 0.000000 0.000000 1.000000
0.999692 0.019098 -0.015858 -0.000000 -0.019783 0.998824 -0.044263 9.100000 0.014994 0.044563 0.998894 -1.373400 0.000000 0.000000 0.000000 1.000000
0.999714 0.022535 -0.008014 0.000000 -0.022845 0.998902 -0.040902 9.100000 0.007084 0.041073 0.999131 -1.373400 0.000000 0.000000 0.000000 1.000000
0.999701 0.024178 0.003642 0.000000 -0.023999 0.998782 -0.043101 9.100000 -0.004680 0.043001 0.999064 -1.373400 0.000000 0.000000 0.000000 1.000000
0.999549 0.025601 0.015683 0.000000 -0.024806 0.998493 -0.048962 9.100000 -0.016913 0.048551 0.998677 -1.373400 0.000000 0.000000 0.000000 1.000000
0.999189 0.027346 0.029547 0.000000 -0.025669 0.998117 -0.055714 9.100000 -0.031015 0.054910 0.998009 -1.373400 0.000000 0.000000 0.000000 1.000000
0.998612 0.029360 0.043731 0.000000 -0.026644 0.997754 -0.061451 9.100000 -0.045437 0.060201 0.997152 -1.373400 0.000000 0.000000 0.000000 1.000000
0.998017 0.031351 0.054585 -0.000000 -0.027881 0.997611 -0.063211 9.100000 -0.056436 0.061563 0.996506 -1.373400 0.000000 0.000000 0.000000 1.000000
0.997536 0.035355 0.060595 0.000000 -0.031600 0.997585 -0.061849 9.100000 -0.062635 0.059782 0.996244 -1.373400 0.000000 0.000000 0.000000 1.000000
0.996946 0.040801 0.066595 0.000000 -0.036502 0.997247 -0.064549 9.100000 -0.069045 0.061921 0.995690 -1.373400 0.000000 0.000000 0.000000 1.000000
0.996409 0.044948 0.071757 0.000000 -0.040032 0.996845 -0.068538 9.100000 -0.074611 0.065419 0.995065 -1.373400 0.000000 0.000000 0.000000 1.000000
0.996200 0.048880 0.072089 0.000000 -0.043585 0.996358 -0.073284 9.100000 -0.075409 0.069863 0.994702 -1.373400 0.000000 0.000000 0.000000 1.000000
0.996555 0.050941 0.065450 0.000000 -0.046240 0.996372 -0.071441 9.100000 -0.068852 0.068168 0.995295 -1.373400 0.000000 0.000000 0.000000 1.000000
0.997235 0.049230 0.055664 0.000000 -0.045473 0.996727 -0.066843 9.100000 -0.058773 0.064127 0.996210 -1.373400 0.000000 0.000000 0.000000 1.000000
0.997898 0.045877 0.045774 0.000000 -0.042988 0.997137 -0.062213 9.100000 -0.048497 0.060115 0.997013 -1.373400 0.000000 0.000000 0.000000 1.000000
0.998383 0.041497 0.038861 0.000000 -0.039161 0.997486 -0.059054 9.100000 -0.041214 0.057437 0.997498 -1.373400 0.000000 0.000000 0.000000 1.000000
0.998801 0.036543 0.032565 -0.000000 -0.034647 0.997773 -0.056998 9.100000 -0.034576 0.055802 0.997843 -1.373400 0.000000 0.000000 0.000000 1.000000
0.999212 0.031495 0.024137 0.000000 -0.030121 0.998014 -0.055331 9.100000 -0.025832 0.054560 0.998176 -1.373400 0.000000 0.000000 0.000000 1.000000
0.999500 0.027489 0.015636 0.000000 -0.026609 0.998190 -0.053934 9.100000 -0.017091 0.053491 0.998422 -1.373400 0.000000 0.000000 0.000000 1.000000
0.999658 0.025057 0.007475 0.000000 -0.024630 0.998312 -0.052594 9.100000 -0.008780 0.052392 0.998588 -1.373400 0.000000 0.000000 0.000000 1.000000
0.999716 0.023807 0.000873 0.000000 -0.023732 0.998414 -0.051056 9.100000 -0.002087 0.051021 0.998695 -1.373400 0.000000 0.000000 0.000000 1.000000
0.999726 0.023053 -0.004173 0.000000 -0.023231 0.998515 -0.049285 9.100000 0.003031 0.049368 0.998776 -1.373400 0.000000 0.000000 0.000000 1.000000
0.999732 0.022301 -0.006233 0.000000 -0.022575 0.998597 -0.047891 9.100000 0.005156 0.048019 0.998833 -1.373400 0.000000 0.000000 0.000000 1.000000
0.999746 0.021121 -0.007871 0.000000 -0.021471 0.998642 -0.047475 9.100000 0.006858 0.047632 0.998841 -1.373400 0.000000 0.000000 0.000000 1.000000
0.999767 0.019700 -0.008838 -0.000000 -0.020103 0.998639 -0.048120 9.100000 0.007878 0.048287 0.998802 -1.373400 0.000000 0.000000 0.000000 1.000000</float_array><technique_common><accessor source="#Spine2-Matrix-animation-output-transform-array" count="31" stride="16"><param type="float4x4"/></accessor></technique_common></source><source id="Spine2-Interpolations"><Name_array id="Spine2-Interpolations-array" count="31">
 LINEAR LINEAR LINEAR LINEAR LINEAR LINEAR LINEAR LINEAR LINEAR LINEAR LINEAR
LINEAR LINEAR LINEAR LINEAR LINEAR LINEAR LINEAR LINEAR LINEAR LINEAR LINEAR LINEAR
LINEAR LINEAR LINEAR LINEAR LINEAR LINEAR LINEAR LINEAR</Name_array><technique_common><accessor source="#Spine2-Interpolations-array" count="31"><param type="name"/></accessor></technique_common></source><sampler id="Spine2-Matrix-animation-transform"><input semantic="INPUT" source="#Spine2-Matrix-animation-input"/><input semantic="OUTPUT" source="#Spine2-Matrix-animation-output-transform"/><input semantic="INTERPOLATION" source="#Spine2-Interpolations"/></sampler><channel source="#Spine2-Matrix-animation-transform" target="Spine2/matrix"/></animation>
    <animation id="Neck-anim" name="Neck"><source id="Neck-Matrix-animation-input"><float_array id="Neck-Matrix-animation-input-array" count="31">

0.000000 0.033333 0.066667 0.100000 0.133333 0.166667 0.200000 0.233333 0.266667 0.300000 0.333333 0.366667 0.400000 0.433333 0.466667 0.500000
0.533333 0.566667 0.600000 0.633333 0.666667 0.700000 0.733333 0.766667 0.800000 0.833333 0.866667 0.900000 0.933333 0.966667 1.000000</float_array><technique_common><accessor source="#Neck-Matrix-animation-input-array" count="31"><param name="TIME" type="float"/></accessor></technique_common></source><source id="Neck-Matrix-animation-output-transform"><float_array id="Neck-Matrix-animation-output-transform-array" count="496">

0.997546 -0.065341 0.025156 0.000000 0.063638 0.995957 0.063403 16.671700 -0.029197 -0.061646 0.997671 -2.516200 0.000000 0.000000 0.000000 1.000000
0.997472 -0.062983 0.032901 -0.000000 0.061103 0.996597 0.055320 16.671700 -0.036273 -0.053170 0.997926 -2.516200 0.000000 0.000000 0.000000 1.000000
0.996994 -0.057857 0.051530 0.000000 0.056114 0.997823 0.034656 16.671700 -0.053423 -0.031661 0.998070 -2.516200 0.000000 0.000000 0.000000 1.000000
0.995879 -0.052128 0.074212 0.000000 0.051674 0.998632 0.008025 16.671700 -0.074529 -0.004158 0.997210 -2.516200 0.000000 0.000000 0.000000 1.000000
0.994408 -0.047968 0.094083 -0.000000 0.049844 0.998600 -0.017694 16.671700 -0.093102 0.022284 0.995407 -2.516200 0.000000 0.000000 0.000000 1.000000
0.993396 -0.047627 0.104381 0.000000 0.051576 0.998039 -0.035463 16.671700 -0.102487 0.040612 0.993905 -2.516200 0.000000 0.000000 0.000000 1.000000
0.993240 -0.051386 0.104087 0.000000 0.056305 0.997404 -0.044887 16.671700 -0.101510 0.050444 0.993555 -2.516200 0.000000 0.000000 0.000000 1.000000
0.993535 -0.057452 0.097916 0.000000 0.062591 0.996774 -0.050244 16.671700 -0.094713 0.056048 0.993926 -2.516200 0.000000 0.000000 0.000000 1.000000
0.994028 -0.065087 0.087595 -0.000000 0.069821 0.996198 -0.052106 16.671700 -0.083870 0.057911 0.994792 -2.516200 0.000000 0.000000 0.000000 1.000000
0.994459 -0.073818 0.074854 0.000000 0.077756 0.995660 -0.051136 16.671700 -0.070754 0.056673 0.995883 -2.516200 0.000000 0.000000 0.000000 1.000000
0.994629 -0.083328 0.061394 0.000000 0.086333 0.995107 -0.048041 16.671700 -0.057090 0.053083 0.996957 -2.516200 0.000000 0.000000 0.000000 1.000000
0.994420 -0.093468 0.048912 0.000000 0.095653 0.994422 -0.044438 16.671700 -0.044486 0.048868 0.997814 -2.516200 0.000000 0.000000 0.000000 1.000000
0.994010 -0.102945 0.036702 0.000000 0.104402 0.993719 -0.040281 16.671700 -0.032325 0.043872 0.998514 -2.516200 0.000000 0.000000 0.000000 1.000000
0.993401 -0.111465 0.027036 -0.000000 0.112371 0.993060 -0.034693 16.671700 -0.022981 0.037502 0.999032 -2.516200 0.000000 0.000000 0.000000 1.000000
0.992737 -0.118375 0.021457 -0.000000 0.118929 0.992544 -0.026682 16.671700 -0.018139 0.029040 0.999414 -2.516200 0.000000 0.000000 0.000000 1.000000
0.992256 -0.122652 0.019589 0.000000 0.122966 0.992287 -0.015693 16.671700 -0.017513 0.017980 0.999685 -2.516200 0.000000 0.000000 0.000000 1.000000
0.992172 -0.123398 0.019155 0.000000 0.123446 0.992350 -0.001357 16.671700 -0.018841 0.003711 0.999816 -2.516200 0.000000 0.000000 0.000000 1.000000
0.992421 -0.120852 0.022262 0.000000 0.120485 0.992567 0.017149 16.671700 -0.024169 -0.014336 0.999605 -2.516200 0.000000 0.000000 0.000000 1.000000
0.992833 -0.115304 0.031437 0.000000 0.114020 0.992674 0.039969 16.671700 -0.035816 -0.036098 0.998706 -2.516200 0.000000 0.000000 0.000000 1.000000
0.993251 -0.107060 0.044608 0.000000 0.104098 0.992496 0.064143 16.671700 -0.051141 -0.059066 0.996943 -2.516200 0.000000 0.000000 0.000000 1.000000
0.993524 -0.097075 0.059053 0.000000 0.091674 0.991879 0.088155 16.671700 -0.067131 -0.082171 0.994355 -2.516200 0.000000 0.000000 0.000000 1.000000
0.993715 -0.086116 0.071517 0.000000 0.077869 0.990761 0.111035 16.671700 -0.080418 -0.104768 0.991240 -2.516200 0.000000 0.000000 0.000000 1.000000
0.993671 -0.075868 0.082839 0.000000 0.064493 0.989114 0.132267 16.671700 -0.091972 -0.126087 0.987746 -2.516200 0.000000 0.000000 0.000000 1.000000
0.993383 -0.067984 0.092568 0.000000 0.053464 0.987059 0.151180 16.671700 -0.101648 -0.145231 0.984162 -2.516200 0.000000 0.000000 0.000000 1.000000
0.993001 -0.063536 0.099565 -0.000000 0.046234 0.984816 0.167330 16.671700 -0.108685 -0.161556 0.980861 -2.516200 0.000000 0.000000 0.000000 1.000000
0.992521 -0.063247 0.104414 -0.000000 0.043624 0.982603 0.180524 16.671700 -0.114015 -0.174619 0.978013 -2.516200 0.000000 0.000000 0.000000 1.000000
0.992032 -0.065900 0.107379 0.000000 0.044441 0.980546 0.191195 16.671700 -0.117890 -0.184899 0.975661 -2.516200 0.000000 0.000000 0.000000 1.000000
0.991454 -0.070548 0.109738 0.000000 0.047557 0.978735 0.199539 16.671700 -0.121482 -0.192615 0.973726 -2.516200 0.000000 0.000000 0.000000 1.000000
0.991064 -0.075582 0.109907 -0.000000 0.051728 0.977266 0.205608 16.671700 -0.122949 -0.198085 0.972443 -2.516200 0.000000 0.000000 0.000000 1.000000
0.990672 -0.080226 0.110148 0.000000 0.055752 0.976201 0.209580 16.671700 -0.124341 -0.201484 0.971568 -2.516200 0.000000 0.000000 0.000000 1.000000
0.990879 -0.082480 0.106568 0.000000 0.058490 0.975671 0.211296 16.671700 -0.121403 -0.203135 0.971595 -2.516200 0.000000 0.000000 0.000000 1.000000</float_array><technique_common><accessor source="#Neck-Matrix-animation-output-transform-array" count="31" stride="16"><param type="float4x4"/></accessor></technique_common></source><source id="Neck-Interpolations"><Name_array id="Neck-Interpolations-array" count="31">
 LINEAR LINEAR LINEAR LINEAR LINEAR LINEAR LINEAR LINEAR LINEAR LINEAR LINEAR
LINEAR LINEAR LINEAR LINEAR LINEAR LINEAR LINEAR LINEAR LINEAR LINEAR LINEAR LINEAR
LINEAR LINEAR LINEAR LINEAR LINEAR LINEAR LINEAR LINEAR</Name_array><technique_common><accessor source="#Neck-Interpolations-array" count="31"><param type="name"/></accessor></technique_common></source><sampler id="Neck-Matrix-animation-transform"><input semantic="INPUT" source="#Neck-Matrix-animation-input"/><input semantic="OUTPUT" source="#Neck-Matrix-animation-output-transform"/><input semantic="INTERPOLATION" source="#Neck-Interpolations"/></sampler><channel source="#Neck-Matrix-animation-transform" target="Neck/matrix"/></animation>
    <animation id="Head-anim" name="Head"><source id="Head-Matrix-animation-input"><float_array id="Head-Matrix-animation-input-array" count="31">

0.000000 0.033333 0.066667 0.100000 0.133333 0.166667 0.200000 0.233333 0.266667 0.300000 0.333333 0.366667 0.400000 0.433333 0.466667 0.500000
0.533333 0.566667 0.600000 0.633333 0.666667 0.700000 0.733333 0.766667 0.800000 0.833333 0.866667 0.900000 0.933333 0.966667 1.000000</float_array><technique_common><accessor source="#Head-Matrix-animation-input-array" count="31"><param name="TIME" type="float"/></accessor></technique_common></source><source id="Head-Matrix-animation-output-transform"><float_array id="Head-Matrix-animation-output-transform-array" count="496">

0.575451 -0.024204 0.817478 -0.000000 -0.239908 0.950592 0.197024 9.617900 -0.781857 -0.309497 0.541213 1.685000 0.000000 0.000000 0.000000 1.000000
0.565961 -0.025842 0.824027 -0.000000 -0.225082 0.956694 0.184594 9.617900 -0.793112 -0.289947 0.535635 1.685000 0.000000 0.000000 0.000000 1.000000
0.547531 -0.014893 0.836653 0.000000 -0.212521 0.964583 0.156250 9.617900 -0.809348 -0.263358 0.524975 1.685000 0.000000 0.000000 0.000000 1.000000
0.529963 0.006923 0.847993 0.000000 -0.196150 0.973850 0.114635 9.617900 -0.825024 -0.227086 0.517462 1.685000 0.000000 0.000000 0.000000 1.000000
0.522377 0.033205 0.852068 0.000000 -0.171919 0.982823 0.067098 9.617900 -0.835204 -0.181537 0.519113 1.685000 0.000000 0.000000 0.000000 1.000000
0.536524 0.050725 0.842359 0.000000 -0.147209 0.988513 0.034236 9.617900 -0.830946 -0.142372 0.537828 1.685000 0.000000 0.000000 0.000000 1.000000
0.558456 0.049787 0.828038 0.000000 -0.131520 0.990886 0.029123 9.617900 -0.819041 -0.125168 0.559914 1.685000 0.000000 0.000000 0.000000 1.000000
0.589423 0.044464 0.806600 -0.000000 -0.109241 0.993700 0.025050 9.617900 -0.800404 -0.102879 0.590567 1.685000 0.000000 0.000000 0.000000 1.000000
0.636789 0.051300 0.769329 -0.000000 -0.092982 0.995612 0.010574 9.617900 -0.765411 -0.078267 0.638765 1.685000 0.000000 0.000000 0.000000 1.000000
0.693823 0.054854 0.718054 0.000000 -0.087275 0.996150 0.008232 9.617900 -0.714838 -0.068380 0.695939 1.685000 0.000000 0.000000 0.000000 1.000000
0.747529 0.055823 0.661879 0.000000 -0.087460 0.996059 0.014770 9.617900 -0.658446 -0.068929 0.749465 1.685000 0.000000 0.000000 0.000000 1.000000
0.795993 0.065927 0.601705 0.000000 -0.105430 0.993957 0.030568 9.617900 -0.596054 -0.087770 0.798133 1.685000 0.000000 0.000000 0.000000 1.000000
0.831841 0.072305 0.550284 0.000000 -0.119097 0.991636 0.049738 9.617900 -0.542086 -0.106911 0.833495 1.685000 0.000000 0.000000 0.000000 1.000000
0.848352 0.085735 0.522445 0.000000 -0.132445 0.989792 0.052638 9.617900 -0.512599 -0.113851 0.851046 1.685000 0.000000 0.000000 0.000000 1.000000
0.851226 0.100311 0.515124 0.000000 -0.140815 0.989225 0.040060 9.617900 -0.505555 -0.106637 0.856179 1.685000 0.000000 0.000000 0.000000 1.000000
0.857285 0.085836 0.507636 0.000000 -0.144684 0.986435 0.077544 9.617900 -0.494093 -0.139924 0.858075 1.685000 0.000000 0.000000 0.000000 1.000000
0.861244 0.071701 0.503109 0.000000 -0.164205 0.976156 0.141975 9.617900 -0.480933 -0.204888 0.852482 1.685000 0.000000 0.000000 0.000000 1.000000
0.849790 0.065186 0.523076 0.000000 -0.189242 0.963897 0.187322 9.617900 -0.491980 -0.258172 0.831446 1.685000 0.000000 0.000000 0.000000 1.000000
0.812968 0.054056 0.579794 0.000000 -0.191546 0.965097 0.178601 9.617900 -0.549903 -0.256254 0.794947 1.685000 0.000000 0.000000 0.000000 1.000000
0.748882 0.045636 0.661130 -0.000000 -0.179890 0.974167 0.136522 9.617900 -0.637820 -0.221169 0.737746 1.685000 0.000000 0.000000 0.000000 1.000000
0.671255 0.041100 0.740086 0.000000 -0.162581 0.982311 0.092908 9.617900 -0.723176 -0.182688 0.666064 1.685000 0.000000 0.000000 0.000000 1.000000
0.597321 0.036902 0.801153 0.000000 -0.146411 0.987171 0.063691 9.617900 -0.788525 -0.155342 0.595061 1.685000 0.000000 0.000000 0.000000 1.000000
0.529686 0.030402 0.847649 0.000000 -0.141969 0.988437 0.053263 9.617900 -0.836228 -0.148553 0.527877 1.685000 0.000000 0.000000 0.000000 1.000000
0.460768 0.029780 0.887021 0.000000 -0.143282 0.988823 0.041231 9.617900 -0.875878 -0.146092 0.459885 1.685000 0.000000 0.000000 0.000000 1.000000
0.396161 0.039933 0.917312 0.000000 -0.144259 0.989353 0.019232 9.617900 -0.906778 -0.139949 0.397703 1.685000 0.000000 0.000000 0.000000 1.000000
0.336227 0.046809 0.940617 -0.000000 -0.144685 0.989475 0.002478 9.617900 -0.930601 -0.136926 0.339460 1.685000 0.000000 0.000000 0.000000 1.000000
0.288467 0.052569 0.956046 0.000000 -0.141735 0.989836 -0.011661 9.617900 -0.946941 -0.132142 0.292986 1.685000 0.000000 0.000000 0.000000 1.000000
0.256305 0.058329 0.964834 0.000000 -0.133754 0.990715 -0.024363 9.617900 -0.957297 -0.122806 0.261727 1.685000 0.000000 0.000000 0.000000 1.000000
0.235542 0.072222 0.969177 0.000000 -0.124812 0.991225 -0.043532 9.617900 -0.963816 -0.110712 0.242490 1.685000 0.000000 0.000000 0.000000 1.000000
0.217770 0.087326 0.972086 0.000000 -0.112975 0.991550 -0.063766 9.617900 -0.969439 -0.095936 0.225796 1.685000 0.000000 0.000000 0.000000 1.000000
0.205597 0.094494 0.974064 0.000000 -0.104409 0.991765 -0.074173 9.617900 -0.973051 -0.086451 0.213770 1.685000 0.000000 0.000000 0.000000 1.000000</float_array><technique_common><accessor source="#Head-Matrix-animation-output-transform-array" count="31" stride="16"><param type="float4x4"/></accessor></technique_common></source><source id="Head-Interpolations"><Name_array id="Head-Interpolations-array" count="31">
 LINEAR LINEAR LINEAR LINEAR LINEAR LINEAR LINEAR LINEAR LINEAR LINEAR LINEAR
LINEAR LINEAR LINEAR LINEAR LINEAR LINEAR LINEAR LINEAR LINEAR LINEAR LINEAR LINEAR
LINEAR LINEAR LINEAR LINEAR LINEAR LINEAR LINEAR LINEAR</Name_array><technique_common><accessor source="#Head-Interpolations-array" count="31"><param type="name"/></accessor></technique_common></source><sampler id="Head-Matrix-animation-transform"><input semantic="INPUT" source="#Head-Matrix-animation-input"/><input semantic="OUTPUT" source="#Head-Matrix-animation-output-transform"/><input semantic="INTERPOLATION" source="#Head-Interpolations"/></sampler><channel source="#Head-Matrix-animation-transform" target="Head/matrix"/></animation>
    <animation id="LeftShoulder-anim" name="LeftShoulder"><source id="LeftShoulder-Matrix-animation-input"><float_array id="LeftShoulder-Matrix-animation-input-array" count="31">

0.000000 0.033333 0.066667 0.100000 0.133333 0.166667 0.200000 0.233333 0.266667 0.300000 0.333333 0.366667 0.400000 0.433333 0.466667 0.500000
0.533333 0.566667 0.600000 0.633333 0.666667 0.700000 0.733333 0.766667 0.800000 0.833333 0.866667 0.900000 0.933333 0.966667 1.000000</float_array><technique_common><accessor source="#LeftShoulder-Matrix-animation-input-array" count="31"><param name="TIME" type="float"/></accessor></technique_common></source><source id="LeftShoulder-Matrix-animation-output-transform"><float_array id="LeftShoulder-Matrix-animation-output-transform-array" count="496">

0.975634 0.212217 -0.055695 4.570400 -0.214176 0.976275 -0.031872 10.946000 0.047610 0.043024 0.997939 -2.628000 0.000000 0.000000 0.000000 1.000000
0.973698 0.221618 -0.052899 4.570400 -0.223403 0.974247 -0.030554 10.946000 0.044765 0.041568 0.998132 -2.628000 0.000000 0.000000 0.000000 1.000000
0.968287 0.245624 -0.045701 4.570400 -0.247005 0.968625 -0.027450 10.946000 0.037525 0.037867 0.998578 -2.628000 0.000000 0.000000 0.000000 1.000000
0.959942 0.277890 -0.035892 4.570400 -0.278810 0.960053 -0.023748 10.946000 0.027859 0.032804 0.999073 -2.628000 0.000000 0.000000 0.000000 1.000000
0.949699 0.312140 -0.025285 4.570400 -0.312665 0.949644 -0.020401 10.946000 0.017644 0.027280 0.999472 -2.628000 0.000000 0.000000 0.000000 1.000000
