<?xml version="1.0" encoding="utf-8"?>
<COLLADA xmlns="http://www.collada.org/2005/11/COLLADASchema" version="1.4.1">
  <asset><contributor><author>Mixamo</author><authoring_tool>COLLADA Mixamo exporter</authoring_tool><comments></comments></contributor><created>2018-11-02T16:10:39Z</created><modified>2018-11-02T16:10:39Z</modified><revision></revision><title></title><unit meter="0.010000"/><up_axis>Y_UP</up_axis></asset>
  <library_animations>
    <animation id="Hips-anim" name="Hips"><source id="Hips-Matrix-animation-input"><float_array id="Hips-Matrix-animation-input-array" count="25">

0.000000 0.033333 0.066667 0.100000 0.133333 0.166667 0.200000 0.233333 0.266667 0.300000 0.333333 0.366667 0.400000 0.433333 0.466667 0.500000
0.533333 0.566667 0.600000 0.633333 0.666667 0.700000 0.733333 0.766667 0.800000</float_array><technique_common><accessor source="#Hips-Matrix-animation-input-array" count="25"><param name="TIME" type="float"/></accessor></technique_common></source><source id="Hips-Matrix-animation-output-transform"><float_array id="Hips-Matrix-animation-output-transform-array" count="400">

0.998747 -0.036304 -0.034453 -0.104746 0.037886 0.998204 0.046412 89.383064 0.032706 -0.047659 0.998328 -0.215052 0.000000 0.000000 0.000000 1.000000
0.995262 -0.058890 -0.077369 -0.478874 0.060950 0.997839 0.024543 90.249962 0.075756 -0.029143 0.996700 9.631886 0.000000 0.000000 0.000000 1.000000
0.990596 -0.079335 -0.111473 -0.524018 0.079198 0.996843 -0.005659 91.283386 0.111570 -0.003223 0.993751 19.725266 0.000000 0.000000 0.000000 1.000000
0.987001 -0.091389 -0.132201 -0.275177 0.086359 0.995323 -0.043302 92.329361 0.135540 0.031322 0.990277 30.311495 0.000000 0.000000 0.000000 1.000000
0.985765 -0.092789 -0.140205 0.284148 0.080786 0.992749 -0.089012 93.129692 0.147448 0.076419 0.986113 41.561321 0.000000 0.000000 0.000000 1.000000
0.985752 -0.089537 -0.142392 1.062229 0.073100 0.990467 -0.116752 93.428696 0.151488 0.104680 0.982901 53.171650 0.000000 0.000000 0.000000 1.000000
0.985336 -0.085605 -0.147599 1.901351 0.067525 0.990053 -0.123436 93.140381 0.156697 0.111659 0.981315 64.570572 0.000000 0.000000 0.000000 1.000000
0.983941 -0.082638 -0.158214 2.795221 0.065509 0.991705 -0.110585 92.257401 0.166041 0.098444 0.981193 75.472687 0.000000 0.000000 0.000000 1.000000
0.983137 -0.079475 -0.164699 3.810752 0.065896 0.994084 -0.086344 91.233109 0.170587 0.074035 0.982557 85.696548 0.000000 0.000000 0.000000 1.000000
0.985518 -0.077752 -0.150697 4.853513 0.068592 0.995521 -0.065067 90.326340 0.155081 0.053789 0.986436 95.542046 0.000000 0.000000 0.000000 1.000000
0.991636 -0.077027 -0.103563 5.776699 0.070862 0.995561 -0.061949 89.413475 0.107875 0.054092 0.992692 104.729614 0.000000 0.000000 0.000000 1.000000
0.997051 -0.072252 -0.025869 6.674954 0.071035 0.996448 -0.045230 88.675751 0.029045 0.043259 0.998642 113.749977 0.000000 0.000000 0.000000 1.000000
0.996497 -0.060929 0.057291 7.266220 0.062715 0.997584 -0.029899 88.633690 -0.055331 0.033388 0.997910 122.440208 0.000000 0.000000 0.000000 1.000000
0.991793 -0.045757 0.119387 7.720609 0.047508 0.998800 -0.011859 89.104210 -0.118701 0.017433 0.992777 131.398178 0.000000 0.000000 0.000000 1.000000
0.988333 -0.031080 0.149101 7.884886 0.031024 0.999515 0.002705 89.974472 -0.149113 0.001952 0.988818 140.664368 0.000000 0.000000 0.000000 1.000000
0.989279 -0.018398 0.144877 7.744155 0.016658 0.999774 0.013215 91.149467 -0.145088 -0.010660 0.989361 150.480835 0.000000 0.000000 0.000000 1.000000
0.990825 -0.012604 0.134561 7.296876 0.009361 0.999651 0.024713 92.057632 -0.134825 -0.023227 0.990597 160.935837 0.000000 0.000000 0.000000 1.000000
0.991595 -0.012012 0.128822 6.462296 0.007386 0.999313 0.036326 92.415199 -0.129169 -0.035069 0.991002 171.967392 0.000000 0.000000 0.000000 1.000000
0.991717 -0.011959 0.127881 5.435034 0.006930 0.999188 0.039697 92.076744 -0.128252 -0.038482 0.990995 183.205765 0.000000 0.000000 0.000000 1.000000
0.992312 -0.010122 0.123344 4.267421 0.003690 0.998626 0.052270 91.012505 -0.123703 -0.051413 0.990986 194.180374 0.000000 0.000000 0.000000 1.000000
0.994040 -0.007667 0.108745 3.006994 0.000941 0.998090 0.061771 89.909744 -0.109011 -0.061300 0.992149 204.603897 0.000000 0.000000 0.000000 1.000000
0.996428 -0.003969 0.084354 1.806024 -0.001277 0.998073 0.062036 89.013672 -0.084438 -0.061922 0.994503 214.720657 0.000000 0.000000 0.000000 1.000000
0.998675 -0.005184 0.051190 0.960866 0.002000 0.998071 0.062052 88.718048 -0.051413 -0.061867 0.996759 224.337097 0.000000 0.000000 0.000000 1.000000
0.999823 -0.015529 0.010607 0.296875 0.014869 0.998106 0.059694 88.842911 -0.011514 -0.059526 0.998160 233.840286 0.000000 0.000000 0.000000 1.000000
0.998784 -0.035271 -0.034433 -0.098498 0.036873 0.998211 0.047060 89.383545 0.032711 -0.048272 0.998298 243.373398 0.000000 0.000000 0.000000 1.000000</float_array><technique_common><accessor source="#Hips-Matrix-animation-output-transform-array" count="25" stride="16"><param type="float4x4"/></accessor></technique_common></source><source id="Hips-Interpolations"><Name_array id="Hips-Interpolations-array" count="25">
 LINEAR LINEAR LINEAR LINEAR LINEAR LINEAR LINEAR LINEAR LINEAR LINEAR LINEAR
LINEAR LINEAR LINEAR LINEAR LINEAR LINEAR LINEAR LINEAR LINEAR LINEAR LINEAR LINEAR
LINEAR LINEAR</Name_array><technique_common><accessor source="#Hips-Interpolations-array" count="25"><param type="name"/></accessor></technique_common></source><sampler id="Hips-Matrix-animation-transform"><input semantic="INPUT" source="#Hips-Matrix-animation-input"/><input semantic="OUTPUT" source="#Hips-Matrix-animation-output-transform"/><input semantic="INTERPOLATION" source="#Hips-Interpolations"/></sampler><channel source="#Hips-Matrix-animation-transform" target="Hips/matrix"/></animation>
    <animation id="Spine-anim" name="Spine"><source id="Spine-Matrix-animation-input"><float_array id="Spine-Matrix-animation-input-array" count="25">

0.000000 0.033333 0.066667 0.100000 0.133333 0.166667 0.200000 0.233333 0.266667 0.300000 0.333333 0.366667 0.400000 0.433333 0.466667 0.500000
0.533333 0.566667 0.600000 0.633333 0.666667 0.700000 0.733333 0.766667 0.800000</float_array><technique_common><accessor source="#Spine-Matrix-animation-input-array" count="25"><param name="TIME" type="float"/></accessor></technique_common></source><source id="Spine-Matrix-animation-output-transform"><float_array id="Spine-Matrix-animation-output-transform-array" count="400">

0.989063 -0.144000 0.031915 -0.000000 0.129889 0.747853 -0.651034 13.315500 0.069881 0.648059 0.758378 0.589700 0.000000 0.000000 0.000000 1.000000
0.992665 -0.096116 0.073339 0.000000 0.120797 0.763475 -0.634440 13.315500 0.004987 0.638646 0.769485 0.589700 0.000000 0.000000 0.000000 1.000000
0.992860 -0.044815 0.110549 0.000000 0.102937 0.790189 -0.604156 13.315500 -0.060279 0.611222 0.789160 0.589700 0.000000 0.000000 0.000000 1.000000
0.989724 0.004951 0.142908 -0.000000 0.076745 0.824876 -0.560080 13.315500 -0.120655 0.565292 0.816019 0.589700 0.000000 0.000000 0.000000 1.000000
0.983461 0.051719 0.173578 0.000000 0.043005 0.864277 -0.501175 13.315500 -0.175939 0.500350 0.847759 0.589700 0.000000 0.000000 0.000000 1.000000
0.974451 0.102480 0.199860 -0.000000 -0.000850 0.891517 -0.452987 13.315500 -0.224601 0.441243 0.868826 0.589700 0.000000 0.000000 0.000000 1.000000
0.963066 0.157488 0.218408 0.000000 -0.051381 0.903702 -0.425069 13.315500 -0.264319 0.398147 0.878416 0.589700 0.000000 0.000000 0.000000 1.000000
0.950927 0.210531 0.226748 0.000000 -0.098139 0.900209 -0.424255 13.315500 -0.293439 0.381182 0.876695 0.589700 0.000000 0.000000 0.000000 1.000000
0.941491 0.252254 0.223524 0.000000 -0.129802 0.883424 -0.450238 13.315500 -0.311041 0.394881 0.864478 0.589700 0.000000 0.000000 0.000000 1.000000
0.939962 0.274736 0.202463 0.000000 -0.145288 0.858940 -0.491033 13.315500 -0.308808 0.432137 0.847287 0.589700 0.000000 0.000000 0.000000 1.000000
0.949967 0.268503 0.159591 0.000000 -0.148790 0.838237 -0.524614 13.315500 -0.274636 0.474620 0.836248 0.589700 0.000000 0.000000 0.000000 1.000000
0.969108 0.225949 0.098877 0.000000 -0.132375 0.814777 -0.564460 13.315500 -0.208102 0.533934 0.819517 0.589700 0.000000 0.000000 0.000000 1.000000
0.987243 0.154216 0.039606 0.000000 -0.101165 0.799641 -0.591895 13.315500 -0.122951 0.580337 0.805041 0.589700 0.000000 0.000000 0.000000 1.000000
0.997045 0.076300 -0.008934 -0.000000 -0.065699 0.786639 -0.613908 13.315500 -0.039813 0.612681 0.789327 0.589700 0.000000 0.000000 0.000000 1.000000
0.998838 0.010054 -0.047131 0.000000 -0.037393 0.778651 -0.626341 13.315500 0.030401 0.627376 0.778123 0.589700 0.000000 0.000000 0.000000 1.000000
0.996039 -0.039183 -0.079824 -0.000000 -0.019246 0.781417 -0.623713 13.315500 0.086814 0.622778 0.777567 0.589700 0.000000 0.000000 0.000000 1.000000
0.989792 -0.085542 -0.113997 0.000000 -0.001497 0.793562 -0.608487 13.315500 0.142515 0.602446 0.785333 0.589700 0.000000 0.000000 0.000000 1.000000
0.981116 -0.130477 -0.142787 0.000000 0.022075 0.808922 -0.587501 13.315500 0.192159 0.573254 0.796527 0.589700 0.000000 0.000000 0.000000 1.000000
0.972456 -0.169995 -0.159468 0.000000 0.051280 0.823438 -0.565085 13.315500 0.227374 0.541343 0.809475 0.589700 0.000000 0.000000 0.000000 1.000000
0.966876 -0.200046 -0.158530 0.000000 0.077291 0.821394 -0.565100 13.315500 0.243261 0.534129 0.809648 0.589700 0.000000 0.000000 0.000000 1.000000
0.966600 -0.214342 -0.140507 0.000000 0.094765 0.808287 -0.581112 13.315500 0.238127 0.548388 0.801602 0.589700 0.000000 0.000000 0.000000 1.000000
0.970699 -0.214972 -0.107380 0.000000 0.108110 0.789771 -0.603800 13.315500 0.214606 0.574499 0.789871 0.589700 0.000000 0.000000 0.000000 1.000000
0.977127 -0.203128 -0.062942 0.000000 0.118871 0.767145 -0.630364 13.315500 0.176330 0.608464 0.773744 0.589700 0.000000 0.000000 0.000000 1.000000
0.983786 -0.178797 -0.014027 -0.000000 0.126921 0.749337 -0.649911 13.315500 0.126713 0.637593 0.759881 0.589700 0.000000 0.000000 0.000000 1.000000
0.989067 -0.143978 0.031897 -0.000000 0.129861 0.747857 -0.651035 13.315500 0.069880 0.648059 0.758377 0.589700 0.000000 0.000000 0.000000 1.000000</float_array><technique_common><accessor source="#Spine-Matrix-animation-output-transform-array" count="25" stride="16"><param type="float4x4"/></accessor></technique_common></source><source id="Spine-Interpolations"><Name_array id="Spine-Interpolations-array" count="25">
 LINEAR LINEAR LINEAR LINEAR LINEAR LINEAR LINEAR LINEAR LINEAR LINEAR LINEAR
LINEAR LINEAR LINEAR LINEAR LINEAR LINEAR LINEAR LINEAR LINEAR LINEAR LINEAR LINEAR
LINEAR LINEAR</Name_array><technique_common><accessor source="#Spine-Interpolations-array" count="25"><param type="name"/></accessor></technique_common></source><sampler id="Spine-Matrix-animation-transform"><input semantic="INPUT" source="#Spine-Matrix-animation-input"/><input semantic="OUTPUT" source="#Spine-Matrix-animation-output-transform"/><input semantic="INTERPOLATION" source="#Spine-Interpolations"/></sampler><channel source="#Spine-Matrix-animation-transform" target="Spine/matrix"/></animation>
    <animation id="Spine1-anim" name="Spine1"><source id="Spine1-Matrix-animation-input"><float_array id="Spine1-Matrix-animation-input-array" count="25">

0.000000 0.033333 0.066667 0.100000 0.133333 0.166667 0.200000 0.233333 0.266667 0.300000 0.333333 0.366667 0.400000 0.433333 0.466667 0.500000
0.533333 0.566667 0.600000 0.633333 0.666667 0.700000 0.733333 0.766667 0.800000</float_array><technique_common><accessor source="#Spine1-Matrix-animation-input-array" count="25"><param name="TIME" type="float"/></accessor></technique_common></source><source id="Spine1-Matrix-animation-output-transform"><float_array id="Spine1-Matrix-animation-output-transform-array" count="400">

0.999098 -0.037454 -0.020009 0.000000 0.034595 0.991179 -0.127936 12.475400 0.024624 0.127129 0.991581 -0.296600 0.000000 0.000000 0.000000 1.000000
0.999644 -0.026048 -0.005750 0.000000 0.025197 0.992819 -0.116941 12.475400 0.008755 0.116754 0.993122 -0.296600 0.000000 0.000000 0.000000 1.000000
0.999900 -0.011867 0.007701 0.000000 0.012615 0.994321 -0.105673 12.475400 -0.006404 0.105760 0.994371 -0.296600 0.000000 0.000000 0.000000 1.000000
0.999786 0.003902 0.020328 0.000000 -0.001957 0.995491 -0.094838 12.475400 -0.020606 0.094777 0.995285 -0.296600 0.000000 0.000000 0.000000 1.000000
0.999298 0.018802 0.032402 0.000000 -0.015954 0.996166 -0.086012 12.475400 -0.033895 0.085435 0.995767 -0.296600 0.000000 0.000000 0.000000 1.000000
0.998577 0.030892 0.043467 -0.000000 -0.027231 0.996225 -0.082427 12.475400 -0.045849 0.081126 0.995649 -0.296600 0.000000 0.000000 0.000000 1.000000
0.997880 0.039098 0.052035 0.000000 -0.034495 0.995645 -0.086608 12.475400 -0.055195 0.084629 0.994883 -0.296600 0.000000 0.000000 0.000000 1.000000
0.997445 0.043281 0.056831 0.000000 -0.037599 0.994524 -0.097506 12.475400 -0.060740 0.095120 0.993611 -0.296600 0.000000 0.000000 0.000000 1.000000
0.997471 0.042826 0.056727 0.000000 -0.036267 0.993047 -0.111992 12.475400 -0.061129 0.109652 0.992089 -0.296600 0.000000 0.000000 0.000000 1.000000
0.998051 0.036844 0.050368 0.000000 -0.030220 0.991511 -0.126463 12.475400 -0.054600 0.124694 0.990692 -0.296600 0.000000 0.000000 0.000000 1.000000
0.998983 0.025385 0.037273 0.000000 -0.019970 0.990080 -0.139075 12.475400 -0.040434 0.138189 0.989580 -0.296600 0.000000 0.000000 0.000000 1.000000
0.999756 0.011148 0.019052 0.000000 -0.008157 0.988590 -0.150411 12.475400 -0.020511 0.150219 0.988440 -0.296600 0.000000 0.000000 0.000000 1.000000
0.999997 -0.002273 -0.000457 -0.000000 0.002171 0.987119 -0.159976 12.475400 0.000815 0.159974 0.987121 -0.296600 0.000000 0.000000 0.000000 1.000000
0.999742 -0.012697 -0.018856 0.000000 0.009407 0.986197 -0.165311 12.475400 0.020694 0.165090 0.986061 -0.296600 0.000000 0.000000 0.000000 1.000000
0.999183 -0.018433 -0.035963 -0.000000 0.012222 0.986073 -0.165862 12.475400 0.038519 0.165287 0.985493 -0.296600 0.000000 0.000000 0.000000 1.000000
0.998465 -0.019165 -0.051956 -0.000000 0.010464 0.986597 -0.162842 12.475400 0.054381 0.162048 0.985283 -0.296600 0.000000 0.000000 0.000000 1.000000
0.997497 -0.019187 -0.068049 0.000000 0.008203 0.987381 -0.158149 12.475400 0.070225 0.157195 0.985068 -0.296600 0.000000 0.000000 0.000000 1.000000
0.996416 -0.020910 -0.081963 0.000000 0.008120 0.988134 -0.153381 12.475400 0.084198 0.152165 0.984762 -0.296600 0.000000 0.000000 0.000000 1.000000
0.995625 -0.025200 -0.089979 0.000000 0.011429 0.988560 -0.150393 12.475400 0.092739 0.148707 0.984523 -0.296600 0.000000 0.000000 0.000000 1.000000
0.995451 -0.031476 -0.089921 -0.000000 0.017729 0.988561 -0.149776 12.475400 0.093607 0.147501 0.984622 -0.296600 0.000000 0.000000 0.000000 1.000000
0.995847 -0.038538 -0.082481 0.000000 0.025767 0.988253 -0.150641 12.475400 0.087318 0.147890 0.985142 -0.296600 0.000000 0.000000 0.000000 1.000000
0.996608 -0.044275 -0.069368 -0.000000 0.033432 0.988069 -0.150337 12.475400 0.075196 0.147508 0.986198 -0.296600 0.000000 0.000000 0.000000 1.000000
0.997505 -0.047100 -0.052583 0.000000 0.038948 0.988442 -0.146511 12.475400 0.058876 0.144097 0.987811 -0.296600 0.000000 0.000000 0.000000 1.000000
0.998346 -0.045513 -0.035131 0.000000 0.040228 0.989510 -0.138751 12.475400 0.041077 0.137109 0.989704 -0.296600 0.000000 0.000000 0.000000 1.000000
0.999098 -0.037454 -0.020009 0.000000 0.034595 0.991179 -0.127937 12.475400 0.024624 0.127129 0.991580 -0.296600 0.000000 0.000000 0.000000 1.000000</float_array><technique_common><accessor source="#Spine1-Matrix-animation-output-transform-array" count="25" stride="16"><param type="float4x4"/></accessor></technique_common></source><source id="Spine1-Interpolations"><Name_array id="Spine1-Interpolations-array" count="25">
 LINEAR LINEAR LINEAR LINEAR LINEAR LINEAR LINEAR LINEAR LINEAR LINEAR LINEAR
LINEAR LINEAR LINEAR LINEAR LINEAR LINEAR LINEAR LINEAR LINEAR LINEAR LINEAR LINEAR
LINEAR LINEAR</Name_array><technique_common><accessor source="#Spine1-Interpolations-array" count="25"><param type="name"/></accessor></technique_common></source><sampler id="Spine1-Matrix-animation-transform"><input semantic="INPUT" source="#Spine1-Matrix-animation-input"/><input semantic="OUTPUT" source="#Spine1-Matrix-animation-output-transform"/><input semantic="INTERPOLATION" source="#Spine1-Interpolations"/></sampler><channel source="#Spine1-Matrix-animation-transform" target="Spine1/matrix"/></animation>
    <animation id="Spine2-anim" name="Spine2"><source id="Spine2-Matrix-animation-input"><float_array id="Spine2-Matrix-animation-input-array" count="25">

0.000000 0.033333 0.066667 0.100000 0.133333 0.166667 0.200000 0.233333 0.266667 0.300000 0.333333 0.366667 0.400000 0.433333 0.466667 0.500000
0.533333 0.566667 0.600000 0.633333 0.666667 0.700000 0.733333 0.766667 0.800000</float_array><technique_common><accessor source="#Spine2-Matrix-animation-input-array" count="25"><param name="TIME" type="float"/></accessor></technique_common></source><source id="Spine2-Matrix-animation-output-transform"><float_array id="Spine2-Matrix-animation-output-transform-array" count="400">

0.999250 -0.034265 -0.018063 0.000000 0.031662 0.991176 -0.128717 11.236800 0.022314 0.128049 0.991517 -0.177000 0.000000 0.000000 0.000000 1.000000
0.999724 -0.023124 -0.004100 -0.000000 0.022481 0.992801 -0.117650 11.236800 0.006791 0.117525 0.993047 -0.177000 0.000000 0.000000 0.000000 1.000000
0.999919 -0.009263 0.008727 0.000000 0.010138 0.994279 -0.106327 11.236800 -0.007692 0.106407 0.994293 -0.177000 0.000000 0.000000 0.000000 1.000000
0.999772 0.006094 0.020465 0.000000 -0.004112 0.995422 -0.095486 11.236800 -0.020953 0.095380 0.995220 -0.177000 0.000000 0.000000 0.000000 1.000000
0.999286 0.020582 0.031682 0.000000 -0.017766 0.996072 -0.086743 11.236800 -0.033343 0.086118 0.995727 -0.177000 0.000000 0.000000 0.000000 1.000000
0.998590 0.032282 0.042151 0.000000 -0.028685 0.996111 -0.083308 11.236800 -0.044676 0.081982 0.995632 -0.177000 0.000000 0.000000 0.000000 1.000000
0.997918 0.040133 0.050482 0.000000 -0.035604 0.995517 -0.087623 11.236800 -0.053772 0.085644 0.994874 -0.177000 0.000000 0.000000 0.000000 1.000000
0.997489 0.044162 0.055372 0.000000 -0.038556 0.994388 -0.098518 11.236800 -0.059412 0.096136 0.993594 -0.177000 0.000000 0.000000 0.000000 1.000000
0.997479 0.043961 0.055708 0.000000 -0.037463 0.992916 -0.112754 11.236800 -0.060270 0.110383 0.992060 -0.177000 0.000000 0.000000 0.000000 1.000000
0.997992 0.038674 0.050155 0.000000 -0.032048 0.991415 -0.126767 11.236800 -0.054627 0.124906 0.990664 -0.177000 0.000000 0.000000 0.000000 1.000000
0.998877 0.028151 0.038117 0.000000 -0.022601 0.990046 -0.138921 11.236800 -0.041649 0.137903 0.989570 -0.177000 0.000000 0.000000 0.000000 1.000000
0.999668 0.014959 0.020958 0.000000 -0.011648 0.988616 -0.150012 11.236800 -0.022963 0.149718 0.988462 -0.177000 0.000000 0.000000 0.000000 1.000000
0.999994 0.002732 0.002247 0.000000 -0.002338 0.987170 -0.159654 11.236800 -0.002654 0.159648 0.987170 -0.177000 0.000000 0.000000 0.000000 1.000000
0.999852 -0.006574 -0.015886 0.000000 0.003858 0.986231 -0.165331 11.236800 0.016754 0.165246 0.986110 -0.177000 0.000000 0.000000 0.000000 1.000000
0.999372 -0.011641 -0.033475 -0.000000 0.005918 0.986066 -0.166248 11.236800 0.034944 0.165946 0.985516 -0.177000 0.000000 0.000000 0.000000 1.000000
0.998642 -0.012093 -0.050671 -0.000000 0.003654 0.986548 -0.163433 11.236800 0.051966 0.163026 0.985252 -0.177000 0.000000 0.000000 0.000000 1.000000
0.997617 -0.012182 -0.067908 0.000000 0.001249 0.987315 -0.158767 11.236800 0.068981 0.158304 0.984978 -0.177000 0.000000 0.000000 0.000000 1.000000
0.996485 -0.014096 -0.082573 0.000000 0.001216 0.988069 -0.154005 11.236800 0.083759 0.153363 0.984614 -0.177000 0.000000 0.000000 0.000000 1.000000
0.995671 -0.018609 -0.091066 0.000000 0.004660 0.988515 -0.151051 11.236800 0.092831 0.149972 0.984322 -0.177000 0.000000 0.000000 0.000000 1.000000
0.995503 -0.025302 -0.091284 0.000000 0.011329 0.988553 -0.150450 11.236800 0.094045 0.148740 0.984394 -0.177000 0.000000 0.000000 0.000000 1.000000
0.995936 -0.033152 -0.083741 0.000000 0.020174 0.988279 -0.151320 11.236800 0.087776 0.149016 0.984931 -0.177000 0.000000 0.000000 0.000000 1.000000
0.996750 -0.039841 -0.070012 0.000000 0.028886 0.988105 -0.151046 11.236800 0.075197 0.148533 0.986044 -0.177000 0.000000 0.000000 0.000000 1.000000
0.997702 -0.043285 -0.052128 0.000000 0.035186 0.988460 -0.147336 11.236800 0.057903 0.145163 0.987712 -0.177000 0.000000 0.000000 0.000000 1.000000
0.998555 -0.041977 -0.033546 0.000000 0.036905 0.989512 -0.139656 11.236800 0.039057 0.138216 0.989632 -0.177000 0.000000 0.000000 0.000000 1.000000
0.999250 -0.034265 -0.018063 0.000000 0.031662 0.991176 -0.128717 11.236800 0.022314 0.128049 0.991517 -0.177000 0.000000 0.000000 0.000000 1.000000</float_array><technique_common><accessor source="#Spine2-Matrix-animation-output-transform-array" count="25" stride="16"><param type="float4x4"/></accessor></technique_common></source><source id="Spine2-Interpolations"><Name_array id="Spine2-Interpolations-array" count="25">
 LINEAR LINEAR LINEAR LINEAR LINEAR LINEAR LINEAR LINEAR LINEAR LINEAR LINEAR
LINEAR LINEAR LINEAR LINEAR LINEAR LINEAR LINEAR LINEAR LINEAR LINEAR LINEAR LINEAR
LINEAR LINEAR</Name_array><technique_common><accessor source="#Spine2-Interpolations-array" count="25"><param type="name"/></accessor></technique_common></source><sampler id="Spine2-Matrix-animation-transform"><input semantic="INPUT" source="#Spine2-Matrix-animation-input"/><input semantic="OUTPUT" source="#Spine2-Matrix-animation-output-transform"/><input semantic="INTERPOLATION" source="#Spine2-Interpolations"/></sampler><channel source="#Spine2-Matrix-animation-transform" target="Spine2/matrix"/></animation>
    <animation id="Neck-anim" name="Neck"><source id="Neck-Matrix-animation-input"><float_array id="Neck-Matrix-animation-input-array" count="25">

0.000000 0.033333 0.066667 0.100000 0.133333 0.166667 0.200000 0.233333 0.266667 0.300000 0.333333 0.366667 0.400000 0.433333 0.466667 0.500000
0.533333 0.566667 0.600000 0.633333 0.666667 0.700000 0.733333 0.766667 0.800000</float_array><technique_common><accessor source="#Neck-Matrix-animation-input-array" count="25"><param name="TIME" type="float"/></accessor></technique_common></source><source id="Neck-Matrix-animation-output-transform"><float_array id="Neck-Matrix-animation-output-transform-array" count="400">

0.998135 0.035698 0.049528 0.000000 -0.040520 0.994157 0.100049 27.354799 -0.045668 -0.101869 0.993749 8.782800 0.000000 0.000000 0.000000 1.000000
0.997917 0.049251 0.041667 0.000000 -0.052423 0.995511 0.078803 27.354799 -0.037598 -0.080823 0.996019 8.782800 0.000000 0.000000 0.000000 1.000000
0.997530 0.061818 0.033358 -0.000000 -0.063677 0.996291 0.057879 27.354799 -0.029656 -0.059860 0.997766 8.782800 0.000000 0.000000 0.000000 1.000000
0.996962 0.073661 0.025326 0.000000 -0.074678 0.996328 0.041885 27.354799 -0.022148 -0.043649 0.998801 8.782800 0.000000 0.000000 0.000000 1.000000
0.996157 0.085751 0.017838 0.000000 -0.086313 0.995702 0.033573 27.354799 -0.014882 -0.034984 0.999277 8.782800 0.000000 0.000000 0.000000 1.000000
0.995023 0.099000 0.011305 0.000000 -0.099334 0.994459 0.034409 27.354799 -0.007836 -0.035360 0.999344 8.782800 0.000000 0.000000 0.000000 1.000000
0.993528 0.113417 0.006173 -0.000000 -0.113580 0.992504 0.045110 27.354799 -0.001010 -0.045519 0.998963 8.782800 0.000000 0.000000 0.000000 1.000000
0.991801 0.127783 0.001684 0.000000 -0.127636 0.989832 0.062775 27.354799 0.006355 -0.062475 0.998026 8.782800 0.000000 0.000000 0.000000 1.000000
0.990038 0.140773 -0.002933 0.000000 -0.140059 0.986726 0.082197 27.354799 0.014466 -0.080967 0.996612 8.782800 0.000000 0.000000 0.000000 1.000000
0.988579 0.150551 -0.006836 0.000000 -0.149182 0.984010 0.097313 27.354799 0.021377 -0.095182 0.995230 8.782800 0.000000 0.000000 0.000000 1.000000
0.987884 0.154960 -0.008554 0.000000 -0.153260 0.982755 0.103458 27.354799 0.024438 -0.100894 0.994597 8.782800 0.000000 0.000000 0.000000 1.000000
0.988491 0.151056 -0.008271 -0.000000 -0.149508 0.983785 0.099064 27.354799 0.023101 -0.096688 0.995047 8.782800 0.000000 0.000000 0.000000 1.000000
0.990326 0.138580 -0.007021 0.000000 -0.137481 0.986805 0.085525 27.354799 0.018780 -0.083732 0.996311 8.782800 0.000000 0.000000 0.000000 1.000000
0.992658 0.120876 -0.004453 0.000000 -0.120352 0.990695 0.063548 27.354799 0.012093 -0.062546 0.997969 8.782800 0.000000 0.000000 0.000000 1.000000
0.994908 0.100787 0.000848 0.000000 -0.100748 0.994211 0.037332 27.354799 0.002919 -0.037227 0.999303 8.782800 0.000000 0.000000 0.000000 1.000000
0.996828 0.078896 0.010409 0.000000 -0.079049 0.996756 0.015154 27.354799 -0.009180 -0.015929 0.999831 8.782800 0.000000 0.000000 0.000000 1.000000
0.997993 0.059116 0.022698 0.000000 -0.059081 0.998251 -0.002215 27.354799 -0.022789 0.000870 0.999740 8.782800 0.000000 0.000000 0.000000 1.000000
0.998428 0.043114 0.035812 0.000000 -0.042906 0.999058 -0.006547 27.354799 -0.036061 0.005000 0.999337 8.782800 0.000000 0.000000 0.000000 1.000000
0.998376 0.030991 0.047795 0.000000 -0.031365 0.999483 0.007102 27.354799 -0.047550 -0.008590 0.998832 8.782800 0.000000 0.000000 0.000000 1.000000
0.998112 0.022153 0.057289 -0.000000 -0.024273 0.999036 0.036586 27.354799 -0.056423 -0.037907 0.997687 8.782800 0.000000 0.000000 0.000000 1.000000
0.997840 0.016779 0.063510 0.000000 -0.021413 0.997101 0.073017 27.354799 -0.062101 -0.074219 0.995307 8.782800 0.000000 0.000000 0.000000 1.000000
0.997742 0.015443 0.065363 0.000000 -0.022206 0.994325 0.104043 27.354799 -0.063385 -0.105260 0.992423 8.782800 0.000000 0.000000 0.000000 1.000000
0.997880 0.018646 0.062353 -0.000000 -0.026031 0.992455 0.119811 27.354799 -0.059648 -0.121180 0.990837 8.782800 0.000000 0.000000 0.000000 1.000000
0.998085 0.025906 0.056165 0.000000 -0.032376 0.992541 0.117536 27.354799 -0.052701 -0.119129 0.991479 8.782800 0.000000 0.000000 0.000000 1.000000
0.998135 0.035698 0.049528 0.000000 -0.040520 0.994157 0.100049 27.354799 -0.045668 -0.101869 0.993749 8.782800 0.000000 0.000000 0.000000 1.000000</float_array><technique_common><accessor source="#Neck-Matrix-animation-output-transform-array" count="25" stride="16"><param type="float4x4"/></accessor></technique_common></source><source id="Neck-Interpolations"><Name_array id="Neck-Interpolations-array" count="25">
 LINEAR LINEAR LINEAR LINEAR LINEAR LINEAR LINEAR LINEAR LINEAR LINEAR LINEAR
LINEAR LINEAR LINEAR LINEAR LINEAR LINEAR LINEAR LINEAR LINEAR LINEAR LINEAR LINEAR
LINEAR LINEAR</Name_array><technique_common><accessor source="#Neck-Interpolations-array" count="25"><param type="name"/></accessor></technique_common></source><sampler id="Neck-Matrix-animation-transform"><input semantic="INPUT" source="#Neck-Matrix-animation-input"/><input semantic="OUTPUT" source="#Neck-Matrix-animation-output-transform"/><input semantic="INTERPOLATION" source="#Neck-Interpolations"/></sampler><channel source="#Neck-Matrix-animation-transform" target="Neck/matrix"/></animation>
    <animation id="Head-anim" name="Head"><source id="Head-Matrix-animation-input"><float_array id="Head-Matrix-animation-input-array" count="25">

0.000000 0.033333 0.066667 0.100000 0.133333 0.166667 0.200000 0.233333 0.266667 0.300000 0.333333 0.366667 0.400000 0.433333 0.466667 0.500000
0.533333 0.566667 0.600000 0.633333 0.666667 0.700000 0.733333 0.766667 0.800000</float_array><technique_common><accessor source="#Head-Matrix-animation-input-array" count="25"><param name="TIME" type="float"/></accessor></technique_common></source><source id="Head-Matrix-animation-output-transform"><float_array id="Head-Matrix-animation-output-transform-array" count="400">

0.950375 0.087936 0.298420 0.000000 -0.248543 0.791544 0.558287 9.777000 -0.187118 -0.604752 0.774120 4.187300 0.000000 0.000000 0.000000 1.000000
0.960289 0.103502 0.259098 -0.000000 -0.237801 0.789335 0.566040 9.777000 -0.145929 -0.605175 0.782603 4.187300 0.000000 0.000000 0.000000 1.000000
0.971410 0.103860 0.213486 0.000000 -0.210597 0.792100 0.572911 9.777000 -0.109600 -0.601491 0.791326 4.187300 0.000000 0.000000 0.000000 1.000000
0.983428 0.085492 0.159877 0.000000 -0.163011 0.802936 0.573342 9.777000 -0.079355 -0.589902 0.803566 4.187300 0.000000 0.000000 0.000000 1.000000
0.994059 0.049648 0.096855 0.000000 -0.095921 0.820132 0.564076 9.777000 -0.051428 -0.570016 0.820023 4.187300 0.000000 0.000000 0.000000 1.000000
0.999639 0.003153 0.026670 0.000000 -0.017263 0.836202 0.548149 9.777000 -0.020573 -0.548412 0.835955 4.187300 0.000000 0.000000 0.000000 1.000000
0.998116 -0.042566 -0.044195 0.000000 0.059651 0.841966 0.536223 9.777000 0.014386 -0.537849 0.842919 4.187300 0.000000 0.000000 0.000000 1.000000
0.991319 -0.076235 -0.107119 0.000000 0.122285 0.833900 0.538198 9.777000 0.048296 -0.546625 0.835983 4.187300 0.000000 0.000000 0.000000 1.000000
0.983534 -0.092634 -0.155175 0.000000 0.164588 0.813757 0.557414 9.777000 0.074640 -0.573776 0.815604 4.187300 0.000000 0.000000 0.000000 1.000000
0.978386 -0.095237 -0.183548 0.000000 0.187159 0.785274 0.590184 9.777000 0.087928 -0.611781 0.786126 4.187300 0.000000 0.000000 0.000000 1.000000
0.977060 -0.092816 -0.191673 0.000000 0.194769 0.753453 0.627992 9.777000 0.086129 -0.650918 0.754247 4.187300 0.000000 0.000000 0.000000 1.000000
0.978980 -0.091485 -0.182287 -0.000000 0.190947 0.725201 0.661531 9.777000 0.071675 -0.682432 0.727426 4.187300 0.000000 0.000000 0.000000 1.000000
0.983456 -0.089602 -0.157437 0.000000 0.174345 0.704138 0.688327 9.777000 0.049182 -0.704387 0.708110 4.187300 0.000000 0.000000 0.000000 1.000000
0.989662 -0.082997 -0.116961 0.000000 0.141817 0.687841 0.711873 9.777000 0.021367 -0.721101 0.692500 4.187300 0.000000 0.000000 0.000000 1.000000
0.995813 -0.069630 -0.059222 0.000000 0.090748 0.675304 0.731935 9.777000 -0.010972 -0.734245 0.678795 4.187300 0.000000 0.000000 0.000000 1.000000
0.998593 -0.048804 0.020726 -0.000000 0.017455 0.671690 0.740627 9.777000 -0.050067 -0.739223 0.671597 4.187300 0.000000 0.000000 0.000000 1.000000
0.993462 -0.024529 0.111501 -0.000000 -0.065369 0.678493 0.731693 9.777000 -0.093601 -0.734197 0.672453 4.187300 0.000000 0.000000 0.000000 1.000000
0.979682 -0.001538 0.200550 -0.000000 -0.142791 0.696832 0.702877 9.777000 -0.140831 -0.717233 0.682454 4.187300 0.000000 0.000000 0.000000 1.000000
0.961293 0.014844 0.275127 0.000000 -0.200119 0.723982 0.660154 9.777000 -0.189388 -0.689659 0.698929 4.187300 0.000000 0.000000 0.000000 1.000000
0.944309 0.023261 0.328237 0.000000 -0.232511 0.753018 0.615550 9.777000 -0.232850 -0.657589 0.716490 4.187300 0.000000 0.000000 0.000000 1.000000
0.933000 0.027546 0.358820 0.000000 -0.245965 0.776645 0.579935 9.777000 -0.262701 -0.629336 0.731385 4.187300 0.000000 0.000000 0.000000 1.000000
0.929370 0.034227 0.367560 0.000000 -0.250084 0.790768 0.558698 9.777000 -0.271532 -0.611158 0.743476 4.187300 0.000000 0.000000 0.000000 1.000000
0.932971 0.048100 0.356723 0.000000 -0.251738 0.795545 0.551123 9.777000 -0.257280 -0.603982 0.754329 4.187300 0.000000 0.000000 0.000000 1.000000
0.940894 0.068250 0.331753 0.000000 -0.252527 0.794109 0.552830 9.777000 -0.225717 -0.603931 0.764407 4.187300 0.000000 0.000000 0.000000 1.000000
0.950375 0.087936 0.298420 0.000000 -0.248543 0.791544 0.558287 9.777000 -0.187118 -0.604752 0.774120 4.187300 0.000000 0.000000 0.000000 1.000000</float_array><technique_common><accessor source="#Head-Matrix-animation-output-transform-array" count="25" stride="16"><param type="float4x4"/></accessor></technique_common></source><source id="Head-Interpolations"><Name_array id="Head-Interpolations-array" count="25">
 LINEAR LINEAR LINEAR LINEAR LINEAR LINEAR LINEAR LINEAR LINEAR LINEAR LINEAR
LINEAR LINEAR LINEAR LINEAR LINEAR LINEAR LINEAR LINEAR LINEAR LINEAR LINEAR LINEAR
LINEAR LINEAR</Name_array><technique_common><accessor source="#Head-Interpolations-array" count="25"><param type="name"/></accessor></technique_common></source><sampler id="Head-Matrix-animation-transform"><input semantic="INPUT" source="#Head-Matrix-animation-input"/><input semantic="OUTPUT" source="#Head-Matrix-animation-output-transform"/><input semantic="INTERPOLATION" source="#Head-Interpolations"/></sampler><channel source="#Head-Matrix-animation-transform" target="Head/matrix"/></animation>
    <animation id="LeftShoulder-anim" name="LeftShoulder"><source id="LeftShoulder-Matrix-animation-input"><float_array id="LeftShoulder-Matrix-animation-input-array" count="25">

0.000000 0.033333 0.066667 0.100000 0.133333 0.166667 0.200000 0.233333 0.266667 0.300000 0.333333 0.366667 0.400000 0.433333 0.466667 0.500000
0.533333 0.566667 0.600000 0.633333 0.666667 0.700000 0.733333 0.766667 0.800000</float_array><technique_common><accessor source="#LeftShoulder-Matrix-animation-input-array" count="25"><param name="TIME" type="float"/></accessor></technique_common></source><source id="LeftShoulder-Matrix-animation-output-transform"><float_array id="LeftShoulder-Matrix-animation-output-transform-array" count="400">

0.987679 0.156454 0.003643 7.690600 -0.156287 0.987294 -0.028723 20.751900 -0.008090 0.027800 0.999581 0.576800 0.000000 0.000000 0.000000 1.000000
0.990283 0.136643 -0.025841 7.690600 -0.137455 0.989965 -0.032802 20.751900 0.021099 0.036035 0.999128 0.576800 0.000000 0.000000 0.000000 1.000000
0.992614 0.112126 -0.046316 7.690600 -0.113912 0.992767 -0.037907 20.751900 0.041731 0.042903 0.998207 0.576800 0.000000 0.000000 0.000000 1.000000
0.994605 0.085218 -0.059146 7.690600 -0.087872 0.995168 -0.043811 20.751900 0.055127 0.048772 0.997287 0.576800 0.000000 0.000000 0.000000 1.000000
0.996033 0.059704 -0.065985 7.690600 -0.063065 0.996752 -0.050085 20.751900 0.062781 0.054048 0.996563 0.576800 0.000000 0.000000 0.000000 1.000000
0.997009 0.040110 -0.066068 7.690600 -0.043810 0.997495 -0.055543 20.751900 0.063675 0.058272 0.996268 0.576800 0.000000 0.000000 0.000000 1.000000
0.997969 0.030508 -0.055929 7.690600 -0.033767 0.997729 -0.058287 20.751900 0.054024 0.060057 0.996732 0.576800 0.000000 0.000000 0.000000 1.000000
0.998918 0.031518 -0.034199 7.690600 -0.033440 0.997805 -0.057163 20.751900 0.032322 0.058244 0.997779 0.576800 0.000000 0.000000 0.000000 1.000000
0.999119 0.041781 -0.003824 7.690600 -0.041925 0.997715 -0.052979 20.751900 0.001601 0.053093 0.998588 0.576800 0.000000 0.000000 0.000000 1.000000
0.997937 0.057359 0.028840 7.690600 -0.055933 0.997278 -0.048044 20.751900 -0.031517 0.046332 0.998429 0.576800 0.000000 0.000000 0.000000 1.000000
0.995737 0.072845 0.056577 7.690600 -0.070399 0.996544 -0.044083 20.751900 -0.059593 0.039912 0.997425 0.576800 0.000000 0.000000 0.000000 1.000000
0.994025 0.080305 0.073934 7.690600 -0.077465 0.996171 -0.040522 20.751900 -0.076905 0.034552 0.996440 0.576800 0.000000 0.000000 0.000000 1.000000
0.993482 0.078706 0.082453 7.690600 -0.076014 0.996482 -0.035303 20.751900 -0.084942 0.028805 0.995969 0.576800 0.000000 0.000000 0.000000 1.000000
0.993396 0.074156 0.087550 7.690600 -0.072033 0.997032 -0.027174 20.751900 -0.089305 0.020688 0.995789 0.576800 0.000000 0.000000 0.000000 1.000000
0.992547 0.073930 0.096875 7.690600 -0.072684 0.997221 -0.016329 20.751900 -0.097813 0.009166 0.995163 0.576800 0.000000 0.000000 0.000000 1.000000
0.989214 0.086504 0.118203 7.690600 -0.086650 0.996231 -0.003916 20.751900 -0.118096 -0.006368 0.992982 0.576800 0.000000 0.000000 0.000000 1.000000
0.984329 0.105354 0.141409 7.690600 -0.107125 0.994233 0.004950 20.751900 -0.140072 -0.020021 0.989939 0.576800 0.000000 0.000000 0.000000 1.000000
0.978854 0.128231 0.159376 7.690600 -0.131005 0.991357 0.006977 20.751900 -0.157104 -0.027708 0.987193 0.576800 0.000000 0.000000 0.000000 1.000000
0.974329 0.151842 0.166216 7.690600 -0.154275 0.988026 0.001749 20.751900 -0.163960 -0.027346 0.986088 0.576800 0.000000 0.000000 0.000000 1.000000
0.971946 0.172098 0.160322 7.690600 -0.173098 0.984874 -0.007812 20.751900 -0.159241 -0.020158 0.987034 0.576800 0.000000 0.000000 0.000000 1.000000
0.972321 0.184752 0.143035 7.690600 -0.184164 0.982741 -0.017459 20.751900 -0.143792 -0.009366 0.989564 0.576800 0.000000 0.000000 0.000000 1.000000
0.975273 0.187869 0.116396 7.690600 -0.186341 0.982193 -0.023970 20.751900 -0.118826 0.001688 0.992914 0.576800 0.000000 0.000000 0.000000 1.000000
0.979726 0.182697 0.082218 7.690600 -0.181083 0.983104 -0.026742 20.751900 -0.085714 0.011311 0.996256 0.576800 0.000000 0.000000 0.000000 1.000000
0.984199 0.171657 0.043437 7.690600 -0.170573 0.984960 -0.027560 20.751900 -0.047514 0.019715 0.998676 0.576800 0.000000 0.000000 0.000000 1.000000
0.987678 0.156458 0.003645 7.690600 -0.156291 0.987293 -0.028722 20.751900 -0.008092 0.027799 0.999581 0.576800 0.000000 0.000000 0.000000 1.000000</float_array><technique_common><accessor source="#LeftShoulder-Matrix-animation-output-transform-array" count="25" stride="16"><param type="float4x4"/></accessor></technique_common></source><source id="LeftShoulder-Interpolations"><Name_array id="LeftShoulder-Interpolations-array" count="25">
 LINEAR LINEAR LINEAR LINEAR LINEAR LINEAR LINEAR LINEAR LINEAR LINEAR LINEAR
LINEAR LINEAR LINEAR LINEAR LINEAR LINEAR LINEAR LINEAR LINEAR LINEAR LINEAR LINEAR
LINEAR LINEAR</Name_array><technique_common><accessor source="#LeftShoulder-Interpolations-array" count="25"><param type="name"/></accessor></technique_common></source><sampler id="LeftShoulder-Matrix-animation-transform"><input semantic="INPUT" source="#LeftShoulder-Matrix-animation-input"/><input semantic="OUTPUT" source="#LeftShoulder-Matrix-animation-output-transform"/><input semantic="INTERPOLATION" source="#LeftShoulder-Interpolations"/></sampler><channel source="#LeftShoulder-Matrix-animation-transform" target="LeftShoulder/matrix"/></animation>
    <animation id="LeftArm-anim" name="LeftArm"><source id="LeftArm-Matrix-animation-input"><float_array id="LeftArm-Matrix-animation-input-array" count="25">

0.000000 0.033333 0.066667 0.100000 0.133333 0.166667 0.200000 0.233333 0.266667 0.300000 0.333333 0.366667 0.400000 0.433333 0.466667 0.500000
0.533333 0.566667 0.600000 0.633333 0.666667 0.700000 0.733333 0.766667 0.800000</float_array><technique_common><accessor source="#LeftArm-Matrix-animation-input-array" count="25"><param name="TIME" type="float"/></accessor></technique_common></source><source id="LeftArm-Matrix-animation-output-transform"><float_array id="LeftArm-Matrix-animation-output-transform-array" count="400">

0.757008 0.486649 -0.436017 13.885000 -0.418979 0.873585 0.247601 -4.540400 0.501393 -0.004754 0.865207 -3.391400 0.000000 0.000000 0.000000 1.000000
0.783402 0.526792 -0.329804 13.885000 -0.502155 0.849168 0.163570 -4.540400 0.366227 0.037472 0.929771 -3.391400 0.000000 0.000000 0.000000 1.000000
0.793749 0.561316 -0.234278 13.885000 -0.558770 0.825087 0.083709 -4.540400 0.240287 0.064464 0.968559 -3.391400 0.000000 0.000000 0.000000 1.000000
0.792877 0.588551 -0.157970 13.885000 -0.593436 0.804649 0.019340 -4.540400 0.138493 0.078410 0.987255 -3.391400 0.000000 0.000000 0.000000 1.000000
0.789861 0.603114 -0.111235 13.885000 -0.608704 0.793087 -0.022205 -4.540400 0.074827 0.085248 0.993546 -3.391400 0.000000 0.000000 0.000000 1.000000
0.794398 0.598186 -0.105382 13.885000 -0.604183 0.796036 -0.035906 -4.540400 0.062409 0.092194 0.993783 -3.391400 0.000000 0.000000 0.000000 1.000000
0.807615 0.570431 -0.149556 13.885000 -0.578516 0.815562 -0.013344 -4.540400 0.114361 0.097297 0.988663 -3.391400 0.000000 0.000000 0.000000 1.000000
0.814062 0.529719 -0.238121 13.885000 -0.534556 0.843690 0.049372 -4.540400 0.227054 0.087097 0.969980 -3.391400 0.000000 0.000000 0.000000 1.000000
0.793406 0.495791 -0.353126 13.885000 -0.474635 0.867127 0.151036 -4.540400 0.381087 0.047773 0.923304 -3.391400 0.000000 0.000000 0.000000 1.000000
