<?xml version="1.0" encoding="utf-8"?>
<COLLADA xmlns="http://www.collada.org/2005/11/COLLADASchema" version="1.4.1">
  <asset><contributor><author>Mixamo</author><authoring_tool>COLLADA Mixamo exporter</authoring_tool><comments></comments></contributor><created>2018-11-02T16:10:27Z</created><modified>2018-11-02T16:10:27Z</modified><revision></revision><title></title><unit meter="0.010000"/><up_axis>Y_UP</up_axis></asset>
  <library_animations>
    <animation id="Hips-anim" name="Hips"><source id="Hips-Matrix-animation-input"><float_array id="Hips-Matrix-animation-input-array" count="84">

0.000000 0.033333 0.066667 0.100000 0.133333 0.166667 0.200000 0.233333 0.266667 0.300000 0.333333 0.366667 0.400000 0.433333 0.466667 0.500000
0.533333 0.566667 0.600000 0.633333 0.666667 0.700000 0.733333 0.766667 0.800000 0.833333 0.866667 0.900000 0.933333 0.966667 1.000000 1.033333
1.066667 1.100000 1.133333 1.166667 1.200000 1.233333 1.266667 1.300000 1.333333 1.366667 1.400000 1.433333 1.466667 1.500000 1.533333 1.566667
1.600000 1.633333 1.666667 1.700000 1.733333 1.766667 1.800000 1.833333 1.866667 1.900000 1.933333 1.966667 2.000000 2.033333 2.066667 2.100000
2.133333 2.166667 2.200000 2.233333 2.266667 2.300000 2.333333 2.366667 2.400000 2.433333 2.466667 2.500000 2.533333 2.566667 2.600000 2.633333
2.666667 2.700000 2.733333 2.766667</float_array><technique_common><accessor source="#Hips-Matrix-animation-input-array" count="84"><param name="TIME" type="float"/></accessor></technique_common></source><source id="Hips-Matrix-animation-output-transform"><float_array id="Hips-Matrix-animation-output-transform-array" count="1344">

0.945994 -0.003576 -0.324164 0.300423 -0.062211 0.979353 -0.192349 97.388702 0.318159 0.202128 0.926239 1.339036 0.000000 0.000000 0.000000 1.000000
0.947046 -0.004017 -0.321073 0.347323 -0.060803 0.979588 -0.191601 97.396988 0.315289 0.200977 0.927470 1.312756 0.000000 0.000000 0.000000 1.000000
0.948183 -0.005912 -0.317670 0.432893 -0.057817 0.979923 -0.190807 97.413338 0.312420 0.199287 0.928805 1.283008 0.000000 0.000000 0.000000 1.000000
0.948495 -0.010317 -0.316625 0.539261 -0.053337 0.980001 -0.191712 97.402306 0.312271 0.198725 0.928975 1.249129 0.000000 0.000000 0.000000 1.000000
0.947449 -0.015443 -0.319534 0.620354 -0.049007 0.980038 -0.192675 97.302826 0.316131 0.198209 0.927779 1.218389 0.000000 0.000000 0.000000 1.000000
0.946278 -0.017152 -0.322899 0.672877 -0.046556 0.980961 -0.188542 97.136414 0.319985 0.193446 0.927463 1.224612 0.000000 0.000000 0.000000 1.000000
0.948218 -0.009863 -0.317467 0.756614 -0.047262 0.984009 -0.171734 97.008545 0.314084 0.177845 0.932589 1.331153 0.000000 0.000000 0.000000 1.000000
0.956695 0.008660 -0.290963 0.977574 -0.051098 0.989033 -0.138574 97.038803 0.286572 0.147441 0.946645 1.588607 0.000000 0.000000 0.000000 1.000000
0.969698 0.029345 -0.242539 1.226623 -0.053599 0.994127 -0.094015 97.145416 0.238356 0.104166 0.965575 1.948496 0.000000 0.000000 0.000000 1.000000
0.983057 0.040337 -0.178809 1.321004 -0.049485 0.997668 -0.046999 97.263596 0.176497 0.055051 0.982761 2.406729 0.000000 0.000000 0.000000 1.000000
0.993586 0.038419 -0.106351 1.202616 -0.039311 0.999207 -0.006304 97.378799 0.106025 0.010444 0.994309 3.009064 0.000000 0.000000 0.000000 1.000000
0.999101 0.030166 -0.029777 0.953176 -0.029558 0.999350 0.020644 97.512253 0.030381 -0.019745 0.999343 3.790358 0.000000 0.000000 0.000000 1.000000
0.998674 0.024747 0.045137 0.654409 -0.026338 0.999040 0.035007 97.632866 -0.044227 -0.036149 0.998367 4.619290 0.000000 0.000000 0.000000 1.000000
0.994590 0.016872 0.102499 0.202266 -0.021478 0.998801 0.044003 97.740334 -0.101634 -0.045966 0.993759 5.321324 0.000000 0.000000 0.000000 1.000000
0.991694 0.000784 0.128617 -0.476323 -0.006863 0.998879 0.046827 97.778412 -0.128436 -0.047320 0.990588 5.833157 0.000000 0.000000 0.000000 1.000000
0.992518 -0.022098 0.120079 -1.366416 0.017352 0.999032 0.040429 97.633705 -0.120856 -0.038043 0.991941 6.113593 0.000000 0.000000 0.000000 1.000000
0.995524 -0.043032 0.084142 -2.357124 0.041255 0.998890 0.022741 97.162880 -0.085027 -0.019168 0.996194 6.109653 0.000000 0.000000 0.000000 1.000000
0.998090 -0.051061 0.034759 -3.251194 0.051058 0.998695 0.000971 96.330391 -0.034763 0.000806 0.999395 5.756481 0.000000 0.000000 0.000000 1.000000
0.998629 -0.048014 -0.020863 -3.916959 0.047627 0.998690 -0.018689 95.221962 0.021733 0.017670 0.999608 5.056637 0.000000 0.000000 0.000000 1.000000
0.995945 -0.040871 -0.080143 -4.382878 0.038061 0.998616 -0.036288 94.004051 0.081515 0.033091 0.996123 4.079446 0.000000 0.000000 0.000000 1.000000
0.989511 -0.030695 -0.141158 -4.705714 0.023298 0.998282 -0.053757 92.855721 0.142566 0.049904 0.988526 2.944091 0.000000 0.000000 0.000000 1.000000
0.979954 -0.009713 -0.198985 -4.895122 -0.004828 0.997360 -0.072460 91.922501 0.199164 0.071968 0.977320 1.843131 0.000000 0.000000 0.000000 1.000000
0.970656 0.038014 -0.237449 -4.773789 -0.061422 0.993865 -0.091973 91.167839 0.232496 0.103859 0.967036 1.041417 0.000000 0.000000 0.000000 1.000000
0.968228 0.106375 -0.226316 -4.248675 -0.135205 0.984013 -0.115920 90.261513 0.210367 0.142835 0.967132 0.602919 0.000000 0.000000 0.000000 1.000000
0.973494 0.160563 -0.162877 -3.593747 -0.184394 0.972304 -0.143609 88.943169 0.135308 0.169836 0.976139 0.290313 0.000000 0.000000 0.000000 1.000000
0.983064 0.169834 -0.068858 -3.129362 -0.179042 0.970227 -0.163108 87.287262 0.039107 0.172674 0.984202 -0.078142 0.000000 0.000000 0.000000 1.000000
0.992973 0.117669 0.012607 -3.116119 -0.114202 0.980712 -0.158625 85.489548 -0.031029 0.156071 0.987258 -0.477948 0.000000 0.000000 0.000000 1.000000
0.998255 0.030621 0.050484 -3.299544 -0.022496 0.987768 -0.154299 83.672874 -0.054591 0.152894 0.986734 -0.532285 0.000000 0.000000 0.000000 1.000000
0.997332 -0.055653 0.047248 -3.403436 0.063873 0.978606 -0.195576 81.989540 -0.035353 0.198072 0.979550 0.216085 0.000000 0.000000 0.000000 1.000000
0.993032 -0.115164 0.025001 -3.333119 0.117589 0.954294 -0.274766 80.558716 0.007785 0.275791 0.961186 1.413042 0.000000 0.000000 0.000000 1.000000
0.991056 -0.133415 0.003044 -3.016573 0.125769 0.926144 -0.355584 79.315186 0.044621 0.352786 0.934639 2.464402 0.000000 0.000000 0.000000 1.000000
0.994098 -0.108432 -0.003524 -2.420187 0.098105 0.912340 -0.397507 78.155586 0.046318 0.394815 0.917592 2.813552 0.000000 0.000000 0.000000 1.000000
0.997250 -0.073128 0.012002 -1.953307 0.071710 0.911395 -0.405237 77.131798 0.018695 0.404984 0.914133 2.617610 0.000000 0.000000 0.000000 1.000000
0.997560 -0.058082 0.038744 -1.997118 0.068891 0.908997 -0.411069 76.291901 -0.011342 0.412735 0.910780 2.384393 0.000000 0.000000 0.000000 1.000000
0.996432 -0.058993 0.060365 -2.334146 0.079028 0.903235 -0.421807 75.558235 -0.029640 0.425072 0.904674 2.240694 0.000000 0.000000 0.000000 1.000000
0.995464 -0.064854 0.069615 -2.671470 0.088701 0.897272 -0.432476 74.904724 -0.034416 0.436689 0.898954 2.151705 0.000000 0.000000 0.000000 1.000000
0.995361 -0.066525 0.069498 -2.816889 0.090223 0.896258 -0.434260 74.396568 -0.033399 0.438516 0.898102 2.042335 0.000000 0.000000 0.000000 1.000000
0.995744 -0.062851 0.067412 -2.891432 0.085978 0.896933 -0.433727 74.068039 -0.033204 0.437677 0.898519 1.997791 0.000000 0.000000 0.000000 1.000000
0.996714 -0.047195 0.065839 -2.898405 0.071189 0.898149 -0.433891 73.895760 -0.038655 0.437152 0.898557 1.997300 0.000000 0.000000 0.000000 1.000000
0.997264 -0.028022 0.068406 -2.832443 0.054955 0.899951 -0.432514 73.848076 -0.049442 0.435089 0.899029 1.985728 0.000000 0.000000 0.000000 1.000000
0.997118 -0.019446 0.073325 -2.752582 0.049202 0.901492 -0.429990 73.869987 -0.057741 0.432359 0.899851 1.947823 0.000000 0.000000 0.000000 1.000000
0.996805 -0.033433 0.072539 -2.753985 0.061491 0.900830 -0.429795 73.890472 -0.050976 0.432882 0.900008 1.909526 0.000000 0.000000 0.000000 1.000000
0.996793 -0.056724 0.056441 -2.798857 0.075630 0.898255 -0.432919 73.897491 -0.026141 0.435799 0.899664 1.843890 0.000000 0.000000 0.000000 1.000000
0.997413 -0.062783 0.035006 -2.717623 0.071781 0.895876 -0.438467 73.881851 -0.003833 0.439845 0.898065 1.757750 0.000000 0.000000 0.000000 1.000000
0.998857 -0.042666 0.021525 -2.465610 0.047787 0.895178 -0.443140 73.786972 -0.000362 0.443662 0.896194 1.669955 0.000000 0.000000 0.000000 1.000000
0.999777 -0.003171 0.020871 -2.109763 0.012093 0.896386 -0.443109 73.591797 -0.017303 0.443262 0.896225 1.544816 0.000000 0.000000 0.000000 1.000000
0.998956 0.035921 0.028212 -1.802832 -0.020045 0.899783 -0.435877 73.345650 -0.041041 0.434856 0.899564 1.321111 0.000000 0.000000 0.000000 1.000000
0.998006 0.054064 0.032585 -1.655423 -0.034953 0.903133 -0.427935 73.109985 -0.052565 0.425942 0.903222 1.053190 0.000000 0.000000 0.000000 1.000000
0.998389 0.048918 0.028740 -1.616180 -0.031966 0.903508 -0.427377 72.844025 -0.046873 0.425770 0.903616 0.828351 0.000000 0.000000 0.000000 1.000000
0.999207 0.035055 0.018903 -1.584511 -0.023411 0.900945 -0.433302 72.551865 -0.032220 0.432515 0.901051 0.610751 0.000000 0.000000 0.000000 1.000000
0.999599 0.027130 0.008137 -1.512165 -0.020768 0.897372 -0.440785 72.302368 -0.019260 0.440439 0.897576 0.347668 0.000000 0.000000 0.000000 1.000000
0.999405 0.034449 0.001417 -1.414448 -0.030244 0.895658 -0.443713 72.208023 -0.016555 0.443407 0.896168 0.013782 0.000000 0.000000 0.000000 1.000000
0.998652 0.051846 -0.002554 -1.350868 -0.047641 0.895896 -0.441701 72.272003 -0.020612 0.441227 0.897159 -0.336982 0.000000 0.000000 0.000000 1.000000
0.997554 0.069534 -0.007089 -1.281401 -0.065565 0.895789 -0.439618 72.406265 -0.024218 0.439007 0.898157 -0.646811 0.000000 0.000000 0.000000 1.000000
0.996830 0.078846 -0.010682 -1.176775 -0.075655 0.897669 -0.434127 72.716698 -0.024640 0.433559 0.900788 -0.932641 0.000000 0.000000 0.000000 1.000000
0.997128 0.074991 -0.010563 -1.005406 -0.072486 0.904670 -0.419902 73.327293 -0.021933 0.419462 0.907508 -1.220664 0.000000 0.000000 0.000000 1.000000
0.998334 0.057481 -0.004980 -0.715253 -0.054843 0.918601 -0.391363 74.313011 -0.017922 0.390984 0.920223 -1.534310 0.000000 0.000000 0.000000 1.000000
0.999498 0.031562 0.002631 -0.176609 -0.028704 0.937815 -0.345948 75.623848 -0.013386 0.345699 0.938250 -1.895566 0.000000 0.000000 0.000000 1.000000
0.999974 0.003970 -0.006089 0.509180 -0.005560 0.957378 -0.288785 77.297699 0.004683 0.288811 0.957375 -2.303165 0.000000 0.000000 0.000000 1.000000
0.998893 -0.018399 -0.043293 1.055293 0.007675 0.971749 -0.235892 79.294090 0.046410 0.235299 0.970814 -2.688001 0.000000 0.000000 0.000000 1.000000
0.994699 -0.030129 -0.098312 1.328695 0.010102 0.980116 -0.198168 81.549385 0.102327 0.196125 0.975225 -2.990887 0.000000 0.000000 0.000000 1.000000
0.989570 -0.030173 -0.140859 1.381270 0.004706 0.984067 -0.177737 83.960518 0.143977 0.175220 0.973945 -3.190519 0.000000 0.000000 0.000000 1.000000
0.988550 -0.022898 -0.149143 1.427403 -0.002737 0.985534 -0.169455 86.439201 0.150866 0.167923 0.974188 -3.347433 0.000000 0.000000 0.000000 1.000000
0.989176 -0.015874 -0.145876 1.453180 -0.008834 0.985886 -0.167187 88.832649 0.146471 0.166666 0.975074 -3.528332 0.000000 0.000000 0.000000 1.000000
0.988064 -0.012782 -0.153515 1.407906 -0.012779 0.986316 -0.164370 91.038139 0.153515 0.164370 0.974380 -3.718613 0.000000 0.000000 0.000000 1.000000
0.983655 -0.013822 -0.179531 1.282589 -0.015125 0.987184 -0.158870 92.990746 0.179426 0.158988 0.970839 -3.860093 0.000000 0.000000 0.000000 1.000000
0.976434 -0.016259 -0.215201 1.125787 -0.017402 0.987979 -0.153602 94.648804 0.215111 0.153728 0.964414 -3.875906 0.000000 0.000000 0.000000 1.000000
0.969631 -0.016459 -0.244019 1.004921 -0.022063 0.987778 -0.154296 95.971718 0.243576 0.154994 0.957417 -3.724026 0.000000 0.000000 0.000000 1.000000
0.966888 -0.013042 -0.254866 0.950576 -0.028725 0.986785 -0.159470 97.002724 0.253578 0.161511 0.953736 -3.430314 0.000000 0.000000 0.000000 1.000000
0.968651 -0.006811 -0.248333 0.953073 -0.035160 0.985803 -0.164181 97.837837 0.245926 0.167765 0.954660 -3.078573 0.000000 0.000000 0.000000 1.000000
0.972819 0.000959 -0.231566 0.990034 -0.040475 0.985302 -0.165957 98.539780 0.228003 0.170818 0.958559 -2.735065 0.000000 0.000000 0.000000 1.000000
0.976443 0.008909 -0.215592 1.033124 -0.045594 0.985106 -0.165793 99.120514 0.210904 0.171717 0.962306 -2.422871 0.000000 0.000000 0.000000 1.000000
0.978155 0.016327 -0.207233 1.064716 -0.051823 0.984588 -0.167037 99.556061 0.201312 0.174127 0.963926 -2.092130 0.000000 0.000000 0.000000 1.000000
0.977958 0.022025 -0.207637 1.066468 -0.057925 0.984008 -0.168443 99.812355 0.200607 0.176758 0.963594 -1.720948 0.000000 0.000000 0.000000 1.000000
0.976154 0.024406 -0.215701 1.020782 -0.061702 0.983870 -0.167909 99.889885 0.208123 0.177214 0.961915 -1.338789 0.000000 0.000000 0.000000 1.000000
0.973063 0.022864 -0.229403 0.922733 -0.061935 0.984415 -0.164595 99.808632 0.222064 0.174370 0.959314 -0.977895 0.000000 0.000000 0.000000 1.000000
0.969017 0.018252 -0.246317 0.786469 -0.059089 0.985438 -0.159436 99.576050 0.239820 0.169051 0.955985 -0.653470 0.000000 0.000000 0.000000 1.000000
0.964278 0.013186 -0.264565 0.644313 -0.056016 0.986324 -0.155006 99.089874 0.258903 0.164289 0.951829 -0.333945 0.000000 0.000000 0.000000 1.000000
0.959350 0.009145 -0.282070 0.525477 -0.055079 0.986323 -0.155352 98.452377 0.276791 0.164573 0.946733 0.015330 0.000000 0.000000 0.000000 1.000000
0.955021 0.006141 -0.296476 0.448450 -0.056259 0.985380 -0.160813 97.892982 0.291153 0.170260 0.941404 0.379835 0.000000 0.000000 0.000000 1.000000
0.951685 0.003555 -0.307056 0.406786 -0.058409 0.983773 -0.169643 97.551743 0.301471 0.179381 0.936450 0.727897 0.000000 0.000000 0.000000 1.000000
0.949100 0.000601 -0.314974 0.370890 -0.060109 0.981966 -0.179250 97.434204 0.309186 0.189059 0.932020 1.026884 0.000000 0.000000 0.000000 1.000000
0.946361 -0.002777 -0.323098 0.306386 -0.061998 0.979822 -0.190016 97.392540 0.317106 0.199855 0.927093 1.287892 0.000000 0.000000 0.000000 1.000000
0.945748 -0.003528 -0.324882 0.302346 -0.062460 0.979316 -0.192457 97.387009 0.318841 0.202308 0.925965 1.340589 0.000000 0.000000 0.000000 1.000000</float_array><technique_common><accessor source="#Hips-Matrix-animation-output-transform-array" count="84" stride="16"><param type="float4x4"/></accessor></technique_common></source><source id="Hips-Interpolations"><Name_array id="Hips-Interpolations-array" count="84">
 LINEAR LINEAR LINEAR LINEAR LINEAR LINEAR LINEAR LINEAR LINEAR LINEAR LINEAR
LINEAR LINEAR LINEAR LINEAR LINEAR LINEAR LINEAR LINEAR LINEAR LINEAR LINEAR LINEAR
LINEAR LINEAR LINEAR LINEAR LINEAR LINEAR LINEAR LINEAR LINEAR LINEAR LINEAR LINEAR
LINEAR LINEAR LINEAR LINEAR LINEAR LINEAR LINEAR LINEAR LINEAR LINEAR LINEAR LINEAR
LINEAR LINEAR LINEAR LINEAR LINEAR LINEAR LINEAR LINEAR LINEAR LINEAR LINEAR LINEAR
LINEAR LINEAR LINEAR LINEAR LINEAR LINEAR LINEAR LINEAR LINEAR LINEAR LINEAR LINEAR
LINEAR LINEAR LINEAR LINEAR LINEAR LINEAR LINEAR LINEAR LINEAR LINEAR LINEAR LINEAR
LINEAR</Name_array><technique_common><accessor source="#Hips-Interpolations-array" count="84"><param type="name"/></accessor></technique_common></source><sampler id="Hips-Matrix-animation-transform"><input semantic="INPUT" source="#Hips-Matrix-animation-input"/><input semantic="OUTPUT" source="#Hips-Matrix-animation-output-transform"/><input semantic="INTERPOLATION" source="#Hips-Interpolations"/></sampler><channel source="#Hips-Matrix-animation-transform" target="Hips/matrix"/></animation>
    <animation id="Spine-anim" name="Spine"><source id="Spine-Matrix-animation-input"><float_array id="Spine-Matrix-animation-input-array" count="84">

0.000000 0.033333 0.066667 0.100000 0.133333 0.166667 0.200000 0.233333 0.266667 0.300000 0.333333 0.366667 0.400000 0.433333 0.466667 0.500000
0.533333 0.566667 0.600000 0.633333 0.666667 0.700000 0.733333 0.766667 0.800000 0.833333 0.866667 0.900000 0.933333 0.966667 1.000000 1.033333
1.066667 1.100000 1.133333 1.166667 1.200000 1.233333 1.266667 1.300000 1.333333 1.366667 1.400000 1.433333 1.466667 1.500000 1.533333 1.566667
1.600000 1.633333 1.666667 1.700000 1.733333 1.766667 1.800000 1.833333 1.866667 1.900000 1.933333 1.966667 2.000000 2.033333 2.066667 2.100000
2.133333 2.166667 2.200000 2.233333 2.266667 2.300000 2.333333 2.366667 2.400000 2.433333 2.466667 2.500000 2.533333 2.566667 2.600000 2.633333
2.666667 2.700000 2.733333 2.766667</float_array><technique_common><accessor source="#Spine-Matrix-animation-input-array" count="84"><param name="TIME" type="float"/></accessor></technique_common></source><source id="Spine-Matrix-animation-output-transform"><float_array id="Spine-Matrix-animation-output-transform-array" count="1344">

0.999358 -0.034611 -0.009243 0.000000 0.034189 0.998513 -0.042470 13.315500 0.010699 0.042127 0.999055 0.589700 0.000000 0.000000 0.000000 1.000000
0.999298 -0.036573 -0.008103 -0.000000 0.036132 0.998140 -0.049108 13.315500 0.009884 0.048781 0.998761 0.589700 0.000000 0.000000 0.000000 1.000000
0.999148 -0.040419 -0.008387 0.000000 0.039872 0.997551 -0.057459 13.315500 0.010689 0.057075 0.998313 0.589700 0.000000 0.000000 0.000000 1.000000
0.998888 -0.045610 -0.011920 0.000000 0.044728 0.996815 -0.066027 13.315500 0.014894 0.065420 0.997747 0.589700 0.000000 0.000000 0.000000 1.000000
0.998632 -0.048809 -0.018766 -0.000000 0.047359 0.996339 -0.071174 13.315500 0.022171 0.070188 0.997287 0.589700 0.000000 0.000000 0.000000 1.000000
0.998558 -0.045937 -0.027789 0.000000 0.043868 0.996515 -0.070946 13.315500 0.030951 0.069624 0.997093 0.589700 0.000000 0.000000 0.000000 1.000000
0.998443 -0.040993 -0.037824 0.000000 0.038512 0.997198 -0.064138 13.315500 0.040347 0.062582 0.997224 0.589700 0.000000 0.000000 0.000000 1.000000
0.998080 -0.042871 -0.044698 0.000000 0.040681 0.997979 -0.048813 13.315500 0.046700 0.046901 0.997807 0.589700 0.000000 0.000000 0.000000 1.000000
0.997984 -0.049353 -0.039901 0.000000 0.048433 0.998545 -0.023723 13.315500 0.041014 0.021743 0.998922 0.589700 0.000000 0.000000 0.000000 1.000000
0.998969 -0.042782 -0.015161 0.000000 0.042923 0.999037 0.009120 13.315500 0.014756 -0.009762 0.999843 0.589700 0.000000 0.000000 0.000000 1.000000
0.999432 -0.018454 0.028199 0.000000 0.017112 0.998744 0.047099 13.315500 -0.029032 -0.046590 0.998492 0.589700 0.000000 0.000000 0.000000 1.000000
0.997267 0.003512 0.073793 0.000000 -0.010122 0.995945 0.089397 13.315500 -0.073180 -0.089900 0.993259 0.589700 0.000000 0.000000 0.000000 1.000000
0.994529 0.009400 0.104037 0.000000 -0.022754 0.991523 0.127926 13.315500 -0.101953 -0.129594 0.986312 0.589700 0.000000 0.000000 0.000000 1.000000
0.992759 0.004599 0.120033 -0.000000 -0.022869 0.988227 0.151278 13.315500 -0.117924 -0.152928 0.981176 0.589700 0.000000 0.000000 0.000000 1.000000
0.990646 -0.002804 0.136431 -0.000000 -0.018937 0.987290 0.157798 13.315500 -0.135139 -0.158906 0.978001 0.589700 0.000000 0.000000 0.000000 1.000000
0.988083 -0.011831 0.153466 0.000000 -0.011714 0.988370 0.151618 13.315500 -0.153475 -0.151609 0.976453 0.589700 0.000000 0.000000 0.000000 1.000000
0.987474 -0.026604 0.155525 0.000000 0.005967 0.991274 0.131685 13.315500 -0.157671 -0.129108 0.979015 0.589700 0.000000 0.000000 0.000000 1.000000
0.989003 -0.048945 0.139560 0.000000 0.036189 0.995053 0.092523 13.315500 -0.143398 -0.086455 0.985882 0.589700 0.000000 0.000000 0.000000 1.000000
0.990290 -0.069265 0.120535 -0.000000 0.065524 0.997246 0.034731 13.315500 -0.122609 -0.026496 0.992101 0.589700 0.000000 0.000000 0.000000 1.000000
0.991948 -0.071574 0.104481 0.000000 0.075283 0.996649 -0.031996 13.315500 -0.101841 0.039604 0.994012 0.589700 0.000000 0.000000 0.000000 1.000000
0.995529 -0.049314 0.080558 -0.000000 0.057414 0.993172 -0.101554 13.315500 -0.075000 0.105725 0.991563 0.589700 0.000000 0.000000 0.000000 1.000000
0.999036 -0.011877 0.042264 0.000000 0.018843 0.985528 -0.168460 13.315500 -0.039652 0.169094 0.984802 0.589700 0.000000 0.000000 0.000000 1.000000
0.999873 0.015928 -0.000414 -0.000000 -0.015636 0.975897 -0.217669 13.315500 -0.003063 0.217648 0.976023 0.589700 0.000000 0.000000 0.000000 1.000000
0.999519 0.014300 -0.027515 -0.000000 -0.020561 0.969842 -0.242865 13.315500 0.023212 0.243314 0.969670 0.589700 0.000000 0.000000 0.000000 1.000000
0.999688 0.001301 -0.024952 0.000000 -0.007806 0.964913 -0.262452 13.315500 0.023735 0.262565 0.964622 0.589700 0.000000 0.000000 0.000000 1.000000
0.999834 0.018116 -0.001713 0.000000 -0.017791 0.953439 -0.301059 13.315500 -0.003821 0.301040 0.953604 0.589700 0.000000 0.000000 0.000000 1.000000
0.997860 0.064833 0.008458 0.000000 -0.056979 0.925753 -0.373810 13.315500 -0.032065 0.372528 0.927467 0.589700 0.000000 0.000000 0.000000 1.000000
0.995262 0.095967 -0.015605 0.000000 -0.092496 0.885090 -0.456137 13.315500 -0.029962 0.455419 0.889773 0.589700 0.000000 0.000000 0.000000 1.000000
0.993452 0.103921 -0.047477 0.000000 -0.113780 0.862126 -0.493755 13.315500 -0.010381 0.495923 0.868304 0.589700 0.000000 0.000000 0.000000 1.000000
0.989946 0.126531 -0.063222 -0.000000 -0.141249 0.860711 -0.489107 13.315500 -0.007471 0.493120 0.869929 0.589700 0.000000 0.000000 0.000000 1.000000
0.986680 0.147558 -0.068481 0.000000 -0.162169 0.859058 -0.485510 13.315500 -0.012811 0.490149 0.871545 0.589700 0.000000 0.000000 0.000000 1.000000
0.989585 0.131036 -0.059591 -0.000000 -0.143089 0.850196 -0.506648 13.315500 -0.015725 0.509898 0.860091 0.589700 0.000000 0.000000 0.000000 1.000000
0.995253 0.087427 -0.042756 0.000000 -0.096501 0.829568 -0.550004 13.315500 -0.012616 0.551519 0.834067 0.589700 0.000000 0.000000 0.000000 1.000000
0.997098 0.061774 -0.044486 0.000000 -0.076121 0.803378 -0.590584 13.315500 -0.000744 0.592256 0.805749 0.589700 0.000000 0.000000 0.000000 1.000000
0.996138 0.058124 -0.065804 -0.000000 -0.086319 0.785328 -0.613033 13.315500 0.016046 0.616346 0.787312 0.589700 0.000000 0.000000 0.000000 1.000000
0.995504 0.046353 -0.082601 0.000000 -0.088098 0.773429 -0.627731 13.315500 0.034789 0.632186 0.774036 0.589700 0.000000 0.000000 0.000000 1.000000
0.995820 0.025634 -0.087662 0.000000 -0.076405 0.759672 -0.645802 13.315500 0.050040 0.649801 0.758456 0.589700 0.000000 0.000000 0.000000 1.000000
0.995762 0.016001 -0.090562 0.000000 -0.072017 0.748084 -0.659685 13.315500 0.057192 0.663411 0.746066 0.589700 0.000000 0.000000 0.000000 1.000000
0.995452 0.016575 -0.093813 0.000000 -0.075207 0.741189 -0.667070 13.315500 0.058476 0.671092 0.739065 0.589700 0.000000 0.000000 0.000000 1.000000
0.995141 0.010151 -0.097939 0.000000 -0.073872 0.734604 -0.674463 13.315500 0.065100 0.678420 0.731784 0.589700 0.000000 0.000000 0.000000 1.000000
0.993952 -0.003608 -0.109755 0.000000 -0.072490 0.729205 -0.680445 13.315500 0.082489 0.684286 0.724533 0.589700 0.000000 0.000000 0.000000 1.000000
0.991608 -0.008248 -0.129014 -0.000000 -0.082280 0.729472 -0.679044 13.315500 0.099713 0.683961 0.722672 0.589700 0.000000 0.000000 0.000000 1.000000
0.989219 0.001771 -0.146432 0.000000 -0.101343 0.730096 -0.675788 13.315500 0.105713 0.683342 0.722404 0.589700 0.000000 0.000000 0.000000 1.000000
0.987848 0.012957 -0.154881 0.000000 -0.115469 0.728213 -0.675553 13.315500 0.104033 0.685228 0.720860 0.589700 0.000000 0.000000 0.000000 1.000000
0.988282 0.008382 -0.152409 0.000000 -0.110567 0.727684 -0.676943 13.315500 0.105231 0.685862 0.720083 0.589700 0.000000 0.000000 0.000000 1.000000
0.989613 -0.012355 -0.143223 0.000000 -0.089683 0.725583 -0.682265 13.315500 0.112350 0.688024 0.716939 0.589700 0.000000 0.000000 0.000000 1.000000
0.990275 -0.034141 -0.134872 -0.000000 -0.069989 0.715575 -0.695021 13.315500 0.120240 0.697701 0.706226 0.589700 0.000000 0.000000 0.000000 1.000000
0.990091 -0.045259 -0.132931 0.000000 -0.062618 0.705011 -0.706426 13.315500 0.125690 0.707750 0.695192 0.589700 0.000000 0.000000 0.000000 1.000000
0.989301 -0.046092 -0.138418 0.000000 -0.066328 0.702956 -0.708134 13.315500 0.129941 0.709738 0.692378 0.589700 0.000000 0.000000 0.000000 1.000000
0.988354 -0.040729 -0.146619 0.000000 -0.075351 0.706102 -0.704090 13.315500 0.132205 0.706938 0.694809 0.589700 0.000000 0.000000 0.000000 1.000000
0.987948 -0.033669 -0.151078 0.000000 -0.083322 0.706885 -0.702403 13.315500 0.130444 0.706526 0.695561 0.589700 0.000000 0.000000 0.000000 1.000000
0.988498 -0.028776 -0.148473 -0.000000 -0.086242 0.699213 -0.709692 13.315500 0.124236 0.714334 0.688689 0.589700 0.000000 0.000000 0.000000 1.000000
0.989719 -0.024384 -0.140933 0.000000 -0.086213 0.684523 -0.723875 13.315500 0.114123 0.728583 0.675383 0.589700 0.000000 0.000000 0.000000 1.000000
0.990834 -0.020650 -0.133496 0.000000 -0.084183 0.678486 -0.729774 13.315500 0.105645 0.734323 0.670529 0.589700 0.000000 0.000000 0.000000 1.000000
0.991380 -0.022503 -0.129072 0.000000 -0.079113 0.682456 -0.726633 13.315500 0.104438 0.730581 0.674792 0.589700 0.000000 0.000000 0.000000 1.000000
0.991891 -0.023785 -0.124849 0.000000 -0.075049 0.683167 -0.726396 13.315500 0.102570 0.729875 0.675842 0.589700 0.000000 0.000000 0.000000 1.000000
0.994007 -0.025630 -0.106273 0.000000 -0.059248 0.690667 -0.720742 13.315500 0.091872 0.722719 0.685009 0.589700 0.000000 0.000000 0.000000 1.000000
0.997264 -0.030636 -0.067268 0.000000 -0.025798 0.708574 -0.705165 13.315500 0.069268 0.704971 0.705845 0.589700 0.000000 0.000000 0.000000 1.000000
0.999346 -0.032689 -0.015448 -0.000000 0.013310 0.729888 -0.683437 13.315500 0.033616 0.682785 0.729846 0.589700 0.000000 0.000000 0.000000 1.000000
0.999730 -0.013663 0.018807 0.000000 0.022603 0.760344 -0.649128 13.315500 -0.005431 0.649377 0.760447 0.589700 0.000000 0.000000 0.000000 1.000000
0.999740 0.013339 0.018520 -0.000000 0.000763 0.791449 -0.611235 13.315500 -0.022811 0.611090 0.791233 0.589700 0.000000 0.000000 0.000000 1.000000
0.999744 0.021425 -0.007265 0.000000 -0.021727 0.819782 -0.572263 13.315500 -0.006305 0.572275 0.820038 0.589700 0.000000 0.000000 0.000000 1.000000
0.999496 0.006092 -0.031140 0.000000 -0.021541 0.850877 -0.524923 13.315500 0.023298 0.525329 0.850580 0.589700 0.000000 0.000000 0.000000 1.000000
0.999217 -0.007766 -0.038789 0.000000 -0.011442 0.881892 -0.471312 13.315500 0.037868 0.471387 0.881113 0.589700 0.000000 0.000000 0.000000 1.000000
0.999375 -0.008864 -0.034231 0.000000 -0.006311 0.907807 -0.419340 13.315500 0.034792 0.419294 0.907184 0.589700 0.000000 0.000000 0.000000 1.000000
0.999596 0.001558 -0.028389 -0.000000 -0.012018 0.928058 -0.372242 13.315500 0.025767 0.372432 0.927702 0.589700 0.000000 0.000000 0.000000 1.000000
0.999583 0.013204 -0.025683 0.000000 -0.020879 0.944836 -0.326877 13.315500 0.019950 0.327277 0.944718 0.589700 0.000000 0.000000 0.000000 1.000000
0.999493 0.016605 -0.027164 0.000000 -0.023560 0.959628 -0.280283 13.315500 0.021414 0.280781 0.959533 0.589700 0.000000 0.000000 0.000000 1.000000
0.999346 0.008424 -0.035152 0.000000 -0.016390 0.972359 -0.232915 13.315500 0.032218 0.233338 0.971862 0.589700 0.000000 0.000000 0.000000 1.000000
0.998773 -0.006247 -0.049137 0.000000 -0.003300 0.981419 -0.191847 13.315500 0.049422 0.191774 0.980194 0.589700 0.000000 0.000000 0.000000 1.000000
0.997814 -0.020159 -0.062933 -0.000000 0.009627 0.986518 -0.163367 13.315500 0.065378 0.162404 0.984556 0.589700 0.000000 0.000000 0.000000 1.000000
0.996993 -0.031086 -0.070982 -0.000000 0.020522 0.989222 -0.144976 13.315500 0.074724 0.143084 0.986886 0.589700 0.000000 0.000000 0.000000 1.000000
0.996499 -0.040084 -0.073375 0.000000 0.030254 0.990988 -0.130492 13.315500 0.077944 0.127815 0.988731 0.589700 0.000000 0.000000 0.000000 1.000000
0.996296 -0.046811 -0.072130 0.000000 0.038081 0.992286 -0.117978 13.315500 0.077096 0.114794 0.990393 0.589700 0.000000 0.000000 0.000000 1.000000
0.996445 -0.048977 -0.068549 -0.000000 0.041322 0.993188 -0.108947 13.315500 0.073418 0.105727 0.991681 0.589700 0.000000 0.000000 0.000000 1.000000
0.996969 -0.045726 -0.062948 0.000000 0.039038 0.993848 -0.103648 13.315500 0.067300 0.100876 0.992620 0.589700 0.000000 0.000000 0.000000 1.000000
0.997700 -0.038668 -0.055672 0.000000 0.032888 0.994320 -0.101225 13.315500 0.059270 0.099161 0.993305 0.589700 0.000000 0.000000 0.000000 1.000000
0.998332 -0.032208 -0.047924 0.000000 0.027277 0.994592 -0.100210 13.315500 0.050892 0.098736 0.993811 0.589700 0.000000 0.000000 0.000000 1.000000
0.998710 -0.030312 -0.040736 0.000000 0.026268 0.994998 -0.096381 13.315500 0.043454 0.095186 0.994511 0.589700 0.000000 0.000000 0.000000 1.000000
0.998888 -0.032700 -0.033972 0.000000 0.029620 0.995722 -0.087525 13.315500 0.036688 0.086422 0.995583 0.589700 0.000000 0.000000 0.000000 1.000000
0.998934 -0.036934 -0.027680 0.000000 0.034704 0.996417 -0.077133 13.315500 0.030429 0.076090 0.996637 0.589700 0.000000 0.000000 0.000000 1.000000
0.999036 -0.038460 -0.021140 0.000000 0.036974 0.997086 -0.066722 13.315500 0.023644 0.065876 0.997548 0.589700 0.000000 0.000000 0.000000 1.000000
0.999218 -0.036816 -0.014409 -0.000000 0.035965 0.997813 -0.055458 13.315500 0.016419 0.054896 0.998357 0.589700 0.000000 0.000000 0.000000 1.000000
0.999343 -0.034828 -0.010014 0.000000 0.034352 0.998427 -0.044307 13.315500 0.011542 0.043934 0.998968 0.589700 0.000000 0.000000 0.000000 1.000000</float_array><technique_common><accessor source="#Spine-Matrix-animation-output-transform-array" count="84" stride="16"><param type="float4x4"/></accessor></technique_common></source><source id="Spine-Interpolations"><Name_array id="Spine-Interpolations-array" count="84">
 LINEAR LINEAR LINEAR LINEAR LINEAR LINEAR LINEAR LINEAR LINEAR LINEAR LINEAR
LINEAR LINEAR LINEAR LINEAR LINEAR LINEAR LINEAR LINEAR LINEAR LINEAR LINEAR LINEAR
LINEAR LINEAR LINEAR LINEAR LINEAR LINEAR LINEAR LINEAR LINEAR LINEAR LINEAR LINEAR
LINEAR LINEAR LINEAR LINEAR LINEAR LINEAR LINEAR LINEAR LINEAR LINEAR LINEAR LINEAR
LINEAR LINEAR LINEAR LINEAR LINEAR LINEAR LINEAR LINEAR LINEAR LINEAR LINEAR LINEAR
LINEAR LINEAR LINEAR LINEAR LINEAR LINEAR LINEAR LINEAR LINEAR LINEAR LINEAR LINEAR
LINEAR LINEAR LINEAR LINEAR LINEAR LINEAR LINEAR LINEAR LINEAR LINEAR LINEAR LINEAR
LINEAR</Name_array><technique_common><accessor source="#Spine-Interpolations-array" count="84"><param type="name"/></accessor></technique_common></source><sampler id="Spine-Matrix-animation-transform"><input semantic="INPUT" source="#Spine-Matrix-animation-input"/><input semantic="OUTPUT" source="#Spine-Matrix-animation-output-transform"/><input semantic="INTERPOLATION" source="#Spine-Interpolations"/></sampler><channel source="#Spine-Matrix-animation-transform" target="Spine/matrix"/></animation>
    <animation id="Spine1-anim" name="Spine1"><source id="Spine1-Matrix-animation-input"><float_array id="Spine1-Matrix-animation-input-array" count="84">

0.000000 0.033333 0.066667 0.100000 0.133333 0.166667 0.200000 0.233333 0.266667 0.300000 0.333333 0.366667 0.400000 0.433333 0.466667 0.500000
0.533333 0.566667 0.600000 0.633333 0.666667 0.700000 0.733333 0.766667 0.800000 0.833333 0.866667 0.900000 0.933333 0.966667 1.000000 1.033333
1.066667 1.100000 1.133333 1.166667 1.200000 1.233333 1.266667 1.300000 1.333333 1.366667 1.400000 1.433333 1.466667 1.500000 1.533333 1.566667
1.600000 1.633333 1.666667 1.700000 1.733333 1.766667 1.800000 1.833333 1.866667 1.900000 1.933333 1.966667 2.000000 2.033333 2.066667 2.100000
2.133333 2.166667 2.200000 2.233333 2.266667 2.300000 2.333333 2.366667 2.400000 2.433333 2.466667 2.500000 2.533333 2.566667 2.600000 2.633333
2.666667 2.700000 2.733333 2.766667</float_array><technique_common><accessor source="#Spine1-Matrix-animation-input-array" count="84"><param name="TIME" type="float"/></accessor></technique_common></source><source id="Spine1-Matrix-animation-output-transform"><float_array id="Spine1-Matrix-animation-output-transform-array" count="1344">

0.999463 -0.025644 -0.020397 0.000000 0.022786 0.991284 -0.129754 12.475400 0.023547 0.129220 0.991336 -0.296600 0.000000 0.000000 0.000000 1.000000
0.999498 -0.024400 -0.020230 0.000000 0.021618 0.991558 -0.127848 12.475400 0.023179 0.127346 0.991587 -0.296600 0.000000 0.000000 0.000000 1.000000
0.999540 -0.022304 -0.020566 -0.000000 0.019547 0.991878 -0.125679 12.475400 0.023202 0.125220 0.991858 -0.296600 0.000000 0.000000 0.000000 1.000000
0.999575 -0.019254 -0.021897 0.000000 0.016405 0.992205 -0.123535 12.475400 0.024104 0.123123 0.992099 -0.296600 0.000000 0.000000 0.000000 1.000000
0.999575 -0.016331 -0.024141 -0.000000 0.013280 0.992498 -0.121534 12.475400 0.025944 0.121162 0.992294 -0.296600 0.000000 0.000000 0.000000 1.000000
0.999521 -0.015325 -0.026874 0.000000 0.011991 0.992686 -0.120129 12.475400 0.028519 0.119749 0.992394 -0.296600 0.000000 0.000000 0.000000 1.000000
0.999419 -0.016392 -0.029876 0.000000 0.012693 0.992684 -0.120073 12.475400 0.031626 0.119624 0.992315 -0.296600 0.000000 0.000000 0.000000 1.000000
0.999316 -0.018411 -0.032077 0.000000 0.014412 0.992585 -0.120695 12.475400 0.034061 0.120150 0.992171 -0.296600 0.000000 0.000000 0.000000 1.000000
0.999308 -0.020960 -0.030739 -0.000000 0.017172 0.992782 -0.118699 12.475400 0.033005 0.118089 0.992454 -0.296600 0.000000 0.000000 0.000000 1.000000
0.999429 -0.024814 -0.022949 0.000000 0.022083 0.993412 -0.112446 12.475400 0.025588 0.111875 0.993393 -0.296600 0.000000 0.000000 0.000000 1.000000
0.999526 -0.029426 -0.009049 -0.000000 0.028304 0.993973 -0.105906 12.475400 0.012111 0.105599 0.994335 -0.296600 0.000000 0.000000 0.000000 1.000000
0.999481 -0.031731 0.005520 0.000000 0.032131 0.994171 -0.102917 12.475400 -0.002222 0.103041 0.994675 -0.296600 0.000000 0.000000 0.000000 1.000000
0.999432 -0.030169 0.015005 -0.000000 0.031545 0.994284 -0.102003 12.475400 -0.011842 0.102419 0.994671 -0.296600 0.000000 0.000000 0.000000 1.000000
0.999468 -0.025944 0.019742 0.000000 0.027786 0.994638 -0.099618 12.475400 -0.017051 0.100113 0.994830 -0.296600 0.000000 0.000000 0.000000 1.000000
0.999495 -0.020386 0.024363 0.000000 0.022583 0.995351 -0.093630 12.475400 -0.022341 0.094133 0.995309 -0.296600 0.000000 0.000000 0.000000 1.000000
0.999485 -0.013727 0.028992 -0.000000 0.016137 0.996284 -0.084600 12.475400 -0.027723 0.085024 0.995993 -0.296600 0.000000 0.000000 0.000000 1.000000
0.999568 -0.006155 0.028731 0.000000 0.008272 0.997211 -0.074172 12.475400 -0.028195 0.074377 0.996832 -0.296600 0.000000 0.000000 0.000000 1.000000
0.999744 0.001027 0.022582 0.000000 0.000407 0.997987 -0.063415 12.475400 -0.022602 0.063408 0.997732 -0.296600 0.000000 0.000000 0.000000 1.000000
0.999866 0.005590 0.015410 0.000000 -0.004752 0.998537 -0.053870 12.475400 -0.015688 0.053789 0.998429 -0.296600 0.000000 0.000000 0.000000 1.000000
0.999937 0.005539 0.009786 -0.000000 -0.005077 0.998903 -0.046558 12.475400 -0.010034 0.046506 0.998868 -0.296600 0.000000 0.000000 0.000000 1.000000
0.999995 -0.000254 0.003032 0.000000 0.000376 0.999180 -0.040487 12.475400 -0.003019 0.040488 0.999175 -0.296600 0.000000 0.000000 0.000000 1.000000
0.999898 -0.012434 -0.007033 0.000000 0.012163 0.999229 -0.037330 12.475400 0.007492 0.037241 0.999278 -0.296600 0.000000 0.000000 0.000000 1.000000
0.999358 -0.030332 -0.019081 -0.000000 0.029507 0.998676 -0.042142 12.475400 0.020334 0.041552 0.998929 -0.296600 0.000000 0.000000 0.000000 1.000000
0.998261 -0.051652 -0.028402 0.000000 0.050168 0.997454 -0.050681 12.475400 0.030948 0.049168 0.998311 -0.296600 0.000000 0.000000 0.000000 1.000000
0.997017 -0.071261 -0.029644 0.000000 0.069722 0.996310 -0.050057 12.475400 0.033102 0.047841 0.998306 -0.296600 0.000000 0.000000 0.000000 1.000000
0.996634 -0.078533 -0.023537 0.000000 0.077553 0.996186 -0.039987 12.475400 0.026587 0.038027 0.998923 -0.296600 0.000000 0.000000 0.000000 1.000000
0.997577 -0.067220 -0.017934 0.000000 0.066682 0.997352 -0.029032 12.475400 0.019838 0.027766 0.999418 -0.296600 0.000000 0.000000 0.000000 1.000000
0.998992 -0.040989 -0.018314 0.000000 0.040688 0.999035 -0.016517 12.475400 0.018973 0.015755 0.999696 -0.296600 0.000000 0.000000 0.000000 1.000000
0.999738 -0.012376 -0.019254 0.000000 0.012320 0.999920 -0.003030 12.475400 0.019290 0.002792 0.999810 -0.296600 0.000000 0.000000 0.000000 1.000000
0.999846 0.008392 -0.015397 -0.000000 -0.008301 0.999948 0.005961 12.475400 0.015446 -0.005832 0.999864 -0.296600 0.000000 0.000000 0.000000 1.000000
0.999742 0.019819 -0.011096 0.000000 -0.019711 0.999758 0.009762 12.475400 0.011287 -0.009541 0.999891 -0.296600 0.000000 0.000000 0.000000 1.000000
0.999801 0.017419 -0.009682 0.000000 -0.017325 0.999802 0.009774 12.475400 0.009851 -0.009604 0.999905 -0.296600 0.000000 0.000000 0.000000 1.000000
0.999916 0.006904 -0.010945 0.000000 -0.006814 0.999943 0.008246 12.475400 0.011001 -0.008171 0.999906 -0.296600 0.000000 0.000000 0.000000 1.000000
0.999898 0.001503 -0.014177 0.000000 -0.001354 0.999944 0.010503 12.475400 0.014192 -0.010483 0.999844 -0.296600 0.000000 0.000000 0.000000 1.000000
0.999835 0.004933 -0.017456 0.000000 -0.004640 0.999848 0.016813 12.475400 0.017536 -0.016729 0.999706 -0.296600 0.000000 0.000000 0.000000 1.000000
0.999742 0.011141 -0.019800 0.000000 -0.010722 0.999719 0.021160 12.475400 0.020030 -0.020942 0.999580 -0.296600 0.000000 0.000000 0.000000 1.000000
0.999674 0.013882 -0.021419 0.000000 -0.013414 0.999672 0.021804 12.475400 0.021715 -0.021510 0.999533 -0.296600 0.000000 0.000000 0.000000 1.000000
0.999678 0.010905 -0.022896 0.000000 -0.010440 0.999739 0.020343 12.475400 0.023112 -0.020097 0.999531 -0.296600 0.000000 0.000000 0.000000 1.000000
0.999689 0.002819 -0.024770 -0.000000 -0.002363 0.999827 0.018427 12.475400 0.024817 -0.018363 0.999523 -0.296600 0.000000 0.000000 0.000000 1.000000
0.999605 -0.004583 -0.027725 -0.000000 0.005046 0.999849 0.016645 12.475400 0.027644 -0.016778 0.999477 -0.296600 0.000000 0.000000 0.000000 1.000000
0.999506 -0.003844 -0.031191 0.000000 0.004328 0.999871 0.015465 12.475400 0.031128 -0.015592 0.999394 -0.296600 0.000000 0.000000 0.000000 1.000000
0.999452 0.005260 -0.032684 -0.000000 -0.004748 0.999865 0.015730 12.475400 0.032762 -0.015566 0.999342 -0.296600 0.000000 0.000000 0.000000 1.000000
0.999392 0.015560 -0.031204 0.000000 -0.015019 0.999734 0.017475 12.475400 0.031467 -0.016996 0.999360 -0.296600 0.000000 0.000000 0.000000 1.000000
0.999382 0.019571 -0.029209 0.000000 -0.019034 0.999647 0.018541 12.475400 0.029562 -0.017974 0.999401 -0.296600 0.000000 0.000000 0.000000 1.000000
0.999449 0.015120 -0.029564 0.000000 -0.014608 0.999741 0.017465 12.475400 0.029821 -0.017023 0.999410 -0.296600 0.000000 0.000000 0.000000 1.000000
0.999458 0.004636 -0.032591 0.000000 -0.004159 0.999884 0.014669 12.475400 0.032655 -0.014526 0.999361 -0.296600 0.000000 0.000000 0.000000 1.000000
0.999306 -0.007085 -0.036557 0.000000 0.007510 0.999905 0.011522 12.475400 0.036472 -0.011789 0.999265 -0.296600 0.000000 0.000000 0.000000 1.000000
0.999120 -0.014209 -0.039474 0.000000 0.014570 0.999854 0.008878 12.475400 0.039342 -0.009446 0.999181 -0.296600 0.000000 0.000000 0.000000 1.000000
0.999082 -0.013978 -0.040506 0.000000 0.014288 0.999871 0.007356 12.475400 0.040398 -0.007928 0.999152 -0.296600 0.000000 0.000000 0.000000 1.000000
0.999139 -0.010198 -0.040204 0.000000 0.010479 0.999922 0.006775 12.475400 0.040131 -0.007190 0.999169 -0.296600 0.000000 0.000000 0.000000 1.000000
0.999170 -0.009183 -0.039690 0.000000 0.009447 0.999934 0.006469 12.475400 0.039628 -0.006838 0.999191 -0.296600 0.000000 0.000000 0.000000 1.000000
0.999137 -0.013117 -0.039417 -0.000000 0.013360 0.999893 0.005903 12.475400 0.039336 -0.006424 0.999205 -0.296600 0.000000 0.000000 0.000000 1.000000
0.999038 -0.019823 -0.039116 0.000000 0.020013 0.999790 0.004463 12.475400 0.039020 -0.005242 0.999225 -0.296600 0.000000 0.000000 0.000000 1.000000
0.998898 -0.026132 -0.038997 -0.000000 0.026211 0.999655 0.001524 12.475400 0.038944 -0.002545 0.999238 -0.296600 0.000000 0.000000 0.000000 1.000000
0.998803 -0.029035 -0.039357 -0.000000 0.028956 0.999577 -0.002579 12.475400 0.039416 0.001436 0.999222 -0.296600 0.000000 0.000000 0.000000 1.000000
