<?xml version="1.0" encoding="utf-8"?>
<COLLADA xmlns="http://www.collada.org/2005/11/COLLADASchema" version="1.4.1">
  <asset><contributor><author>Mixamo</author><authoring_tool>COLLADA Mixamo exporter</authoring_tool><comments></comments></contributor><created>2018-11-02T16:09:51Z</created><modified>2018-11-02T16:09:51Z</modified><revision></revision><title></title><unit meter="0.010000"/><up_axis>Y_UP</up_axis></asset>
  <library_animations>
    <animation id="Hips-anim" name="Hips"><source id="Hips-Matrix-animation-input"><float_array id="Hips-Matrix-animation-input-array" count="139">

0.000000 0.033333 0.066667 0.100000 0.133333 0.166667 0.200000 0.233333 0.266667 0.300000 0.333333 0.366667 0.400000 0.433333 0.466667 0.500000
0.533333 0.566667 0.600000 0.633333 0.666667 0.700000 0.733333 0.766667 0.800000 0.833333 0.866667 0.900000 0.933333 0.966667 1.000000 1.033333
1.066667 1.100000 1.133333 1.166667 1.200000 1.233333 1.266667 1.300000 1.333333 1.366667 1.400000 1.433333 1.466667 1.500000 1.533333 1.566667
1.600000 1.633333 1.666667 1.700000 1.733333 1.766667 1.800000 1.833333 1.866667 1.900000 1.933333 1.966667 2.000000 2.033333 2.066667 2.100000
2.133333 2.166667 2.200000 2.233333 2.266667 2.300000 2.333333 2.366667 2.400000 2.433333 2.466667 2.500000 2.533333 2.566667 2.600000 2.633333
2.666667 2.700000 2.733333 2.766667 2.800000 2.833333 2.866667 2.900000 2.933333 2.966667 3.000000 3.033333 3.066667 3.100000 3.133333 3.166667
3.200000 3.233333 3.266667 3.300000 3.333333 3.366667 3.400000 3.433333 3.466667 3.500000 3.533333 3.566667 3.600000 3.633333 3.666667 3.700000
3.733333 3.766667 3.800000 3.833333 3.866667 3.900000 3.933333 3.966667 4.000000 4.033333 4.066667 4.100000 4.133333 4.166667 4.200000 4.233333
4.266667 4.300000 4.333333 4.366667 4.400000 4.433333 4.466667 4.500000 4.533333 4.566667 4.600000</float_array><technique_common><accessor source="#Hips-Matrix-animation-input-array" count="139"><param name="TIME" type="float"/></accessor></technique_common></source><source id="Hips-Matrix-animation-output-transform"><float_array id="Hips-Matrix-animation-output-transform-array" count="2224">

0.952620 -0.038753 -0.301685 -0.466547 -0.018469 0.982651 -0.184545 96.963104 0.303603 0.181373 0.935376 1.660547 0.000000 0.000000 0.000000 1.000000
0.953521 -0.039330 -0.298748 -0.533348 -0.018092 0.982184 -0.187048 97.020935 0.300782 0.183759 0.935822 1.620410 0.000000 0.000000 0.000000 1.000000
0.953948 -0.045410 -0.296514 -0.713216 -0.014742 0.980184 -0.197538 97.065262 0.299608 0.192812 0.934376 1.434674 0.000000 0.000000 0.000000 1.000000
0.954264 -0.056724 -0.293534 -1.001647 -0.010055 0.975190 -0.221140 96.996681 0.298795 0.213977 0.930019 1.054840 0.000000 0.000000 0.000000 1.000000
0.955112 -0.070445 -0.287747 -1.366052 -0.006364 0.966212 -0.257669 96.749100 0.296177 0.247934 0.922393 0.509589 0.000000 0.000000 0.000000 1.000000
0.957837 -0.082023 -0.275356 -1.774173 -0.006297 0.952160 -0.305535 96.225670 0.287244 0.294387 0.911497 -0.175697 0.000000 0.000000 0.000000 1.000000
0.962292 -0.088409 -0.257252 -2.173381 -0.009357 0.934392 -0.356123 95.401321 0.271859 0.345101 0.898331 -0.980372 0.000000 0.000000 0.000000 1.000000
0.967101 -0.091725 -0.237279 -2.556481 -0.013274 0.913267 -0.407146 94.242355 0.254045 0.396901 0.882004 -1.897328 0.000000 0.000000 0.000000 1.000000
0.971470 -0.093669 -0.217881 -2.943838 -0.016947 0.888933 -0.457723 92.763153 0.236556 0.448357 0.861985 -2.887177 0.000000 0.000000 0.000000 1.000000
0.974981 -0.094847 -0.201036 -3.350069 -0.019252 0.864972 -0.501451 91.110077 0.221452 0.492775 0.841506 -3.926941 0.000000 0.000000 0.000000 1.000000
0.977363 -0.096437 -0.188312 -3.815902 -0.019046 0.846354 -0.532280 89.475502 0.210710 0.523817 0.825359 -4.971713 0.000000 0.000000 0.000000 1.000000
0.978835 -0.099298 -0.178948 -4.385425 -0.015848 0.834995 -0.550029 88.005096 0.204037 0.541223 0.815749 -5.944710 0.000000 0.000000 0.000000 1.000000
0.980038 -0.102106 -0.170586 -5.044472 -0.010256 0.830931 -0.556280 86.864288 0.198544 0.546925 0.813297 -6.826181 0.000000 0.000000 0.000000 1.000000
0.981332 -0.101789 -0.163178 -5.750355 -0.005394 0.833560 -0.552402 86.244003 0.192247 0.542970 0.817450 -7.643335 0.000000 0.000000 0.000000 1.000000
0.982614 -0.096539 -0.158587 -6.496637 -0.004486 0.841583 -0.540109 86.289520 0.185606 0.531430 0.826518 -8.414216 0.000000 0.000000 0.000000 1.000000
0.983533 -0.086889 -0.158470 -7.295625 -0.008015 0.855012 -0.518547 86.997803 0.180550 0.511278 0.840236 -9.121586 0.000000 0.000000 0.000000 1.000000
0.983748 -0.073885 -0.163647 -8.130190 -0.014450 0.875879 -0.482315 88.215263 0.178971 0.476841 0.860576 -9.697940 0.000000 0.000000 0.000000 1.000000
0.983147 -0.058224 -0.173298 -8.931390 -0.021596 0.904304 -0.426343 89.745514 0.181538 0.422900 0.887806 -10.008718 0.000000 0.000000 0.000000 1.000000
0.981900 -0.042452 -0.184579 -9.621782 -0.025829 0.935438 -0.352546 91.436737 0.187629 0.350932 0.917410 -9.882965 0.000000 0.000000 0.000000 1.000000
0.980464 -0.030244 -0.194361 -10.174993 -0.023607 0.962874 -0.268916 93.169388 0.195278 0.268250 0.943349 -9.194163 0.000000 0.000000 0.000000 1.000000
0.979561 -0.020457 -0.200105 -10.615580 -0.016736 0.983077 -0.182428 94.872139 0.200450 0.182049 0.962641 -7.922507 0.000000 0.000000 0.000000 1.000000
0.979882 -0.009022 -0.199375 -11.015394 -0.010847 0.995094 -0.098340 96.472160 0.199284 0.098525 0.974976 -6.103288 0.000000 0.000000 0.000000 1.000000
0.980950 0.003311 -0.194231 -11.480005 -0.008690 0.999602 -0.026850 97.869965 0.194065 0.028026 0.980588 -3.797407 0.000000 0.000000 0.000000 1.000000
0.981077 0.013003 -0.193180 -12.011677 -0.009596 0.999782 0.018561 98.949944 0.193379 -0.016356 0.980988 -1.121874 0.000000 0.000000 0.000000 1.000000
0.979280 0.019043 -0.201613 -12.436442 -0.012613 0.999371 0.033131 99.536499 0.202117 -0.029902 0.978905 1.773720 0.000000 0.000000 0.000000 1.000000
0.975997 0.020502 -0.216818 -12.752970 -0.015070 0.999531 0.026676 99.894958 0.217263 -0.022769 0.975847 4.645897 0.000000 0.000000 0.000000 1.000000
0.971863 0.015929 -0.235006 -12.920433 -0.012864 0.999811 0.014570 100.082001 0.235194 -0.011137 0.971885 7.328605 0.000000 0.000000 0.000000 1.000000
0.967054 0.006587 -0.254488 -12.892561 -0.005429 0.999971 0.005255 100.124405 0.254515 -0.003701 0.967062 9.702812 0.000000 0.000000 0.000000 1.000000
0.962012 -0.004451 -0.272971 -12.673187 0.003801 0.999989 -0.002912 100.089767 0.272981 0.001764 0.962018 11.761864 0.000000 0.000000 0.000000 1.000000
0.958028 -0.014469 -0.286309 -12.291111 0.011042 0.999847 -0.013579 100.018593 0.286462 0.009847 0.958041 13.618121 0.000000 0.000000 0.000000 1.000000
0.956708 -0.020693 -0.290314 -11.862297 0.014074 0.999592 -0.024871 99.784103 0.290711 0.019708 0.956608 15.267546 0.000000 0.000000 0.000000 1.000000
0.959135 -0.021395 -0.282139 -11.423611 0.012469 0.999365 -0.033393 99.552902 0.282675 0.028511 0.958792 16.647278 0.000000 0.000000 0.000000 1.000000
0.965548 -0.017004 -0.259668 -10.991827 0.006907 0.999186 -0.039747 99.429604 0.260132 0.036584 0.964880 17.591505 0.000000 0.000000 0.000000 1.000000
0.974466 -0.009986 -0.224314 -10.559356 -0.000812 0.998847 -0.047997 99.379166 0.224535 0.046954 0.973334 17.954802 0.000000 0.000000 0.000000 1.000000
0.982735 -0.003697 -0.184980 -10.075536 -0.008214 0.997943 -0.063584 99.422043 0.184834 0.064006 0.980683 17.702188 0.000000 0.000000 0.000000 1.000000
0.988104 -0.000353 -0.153786 -9.415260 -0.013807 0.995755 -0.090998 99.652191 0.153165 0.092038 0.983905 16.842585 0.000000 0.000000 0.000000 1.000000
0.990526 -0.000307 -0.137322 -8.351695 -0.017776 0.991298 -0.130433 99.976402 0.136167 0.131638 0.981901 15.377171 0.000000 0.000000 0.000000 1.000000
0.990614 -0.003607 -0.136640 -7.246801 -0.020878 0.983929 -0.177333 99.519730 0.135083 0.178522 0.974619 12.919680 0.000000 0.000000 0.000000 1.000000
0.988335 -0.010954 -0.151901 -5.989272 -0.023761 0.974105 -0.224843 98.564606 0.150431 0.225829 0.962482 9.785295 0.000000 0.000000 0.000000 1.000000
0.983524 -0.021594 -0.179482 -4.632261 -0.027147 0.963939 -0.264736 97.285400 0.178726 0.265247 0.947471 6.309311 0.000000 0.000000 0.000000 1.000000
0.977177 -0.030985 -0.210153 -3.317504 -0.032084 0.956427 -0.290204 95.863449 0.209988 0.290323 0.933605 2.850400 0.000000 0.000000 0.000000 1.000000
0.970719 -0.036526 -0.237425 -2.232085 -0.038520 0.951914 -0.303933 94.545181 0.237110 0.304179 0.922634 -0.157750 0.000000 0.000000 0.000000 1.000000
0.964246 -0.041447 -0.261746 -1.565237 -0.047206 0.945034 -0.323547 93.425591 0.260769 0.324335 0.909289 -2.248330 0.000000 0.000000 0.000000 1.000000
0.957920 -0.046283 -0.283278 -1.205696 -0.065174 0.926065 -0.371693 92.414284 0.279537 0.374514 0.884080 -3.088106 0.000000 0.000000 0.000000 1.000000
0.953887 -0.051274 -0.295753 -1.037252 -0.093626 0.885321 -0.455457 91.239807 0.285189 0.462145 0.839696 -2.835879 0.000000 0.000000 0.000000 1.000000
0.952441 -0.061964 -0.298357 -1.041447 -0.121717 0.820246 -0.558910 89.824112 0.279359 0.568644 0.773694 -2.089895 0.000000 0.000000 0.000000 1.000000
0.951338 -0.086268 -0.295827 -1.327865 -0.136337 0.743102 -0.655143 88.149025 0.276348 0.663595 0.695179 -1.561734 0.000000 0.000000 0.000000 1.000000
0.950108 -0.121125 -0.287442 -1.792154 -0.132450 0.677653 -0.723356 86.392609 0.282402 0.725338 0.627800 -1.636011 0.000000 0.000000 0.000000 1.000000
0.949983 -0.150758 -0.273502 -2.184390 -0.116050 0.642647 -0.757323 84.820091 0.289938 0.751184 0.593008 -2.200950 0.000000 0.000000 0.000000 1.000000
0.951482 -0.163482 -0.260683 -2.393465 -0.099706 0.637675 -0.763825 83.668869 0.291103 0.752758 0.590437 -2.865062 0.000000 0.000000 0.000000 1.000000
0.953234 -0.163851 -0.253964 -2.548964 -0.091485 0.644444 -0.759159 83.018890 0.288054 0.746890 0.599316 -3.318798 0.000000 0.000000 0.000000 1.000000
0.953342 -0.167084 -0.251441 -2.844530 -0.088046 0.642791 -0.760965 82.742569 0.288769 0.747598 0.598088 -3.505637 0.000000 0.000000 0.000000 1.000000
0.951138 -0.181169 -0.250030 -3.322303 -0.082210 0.631947 -0.770639 82.667305 0.297622 0.753539 0.586175 -3.595476 0.000000 0.000000 0.000000 1.000000
0.946854 -0.198587 -0.253044 -3.866127 -0.074434 0.630050 -0.772979 82.741974 0.312934 0.750733 0.581783 -3.794478 0.000000 0.000000 0.000000 1.000000
0.941445 -0.207625 -0.265657 -4.381799 -0.069670 0.651112 -0.755777 82.984528 0.329891 0.730030 0.598521 -4.171497 0.000000 0.000000 0.000000 1.000000
0.936599 -0.204969 -0.284202 -4.887430 -0.068021 0.689290 -0.721286 83.360275 0.343739 0.694887 0.631646 -4.663363 0.000000 0.000000 0.000000 1.000000
0.933538 -0.195953 -0.300181 -5.452136 -0.066146 0.728840 -0.681482 83.799835 0.352322 0.656045 0.667439 -5.169657 0.000000 0.000000 0.000000 1.000000
0.932272 -0.186088 -0.310226 -6.107897 -0.062645 0.761551 -0.645070 84.274429 0.356293 0.620815 0.698315 -5.619120 0.000000 0.000000 0.000000 1.000000
0.932037 -0.176352 -0.316553 -6.822389 -0.058449 0.788979 -0.611633 84.800255 0.357617 0.588567 0.725051 -5.998193 0.000000 0.000000 0.000000 1.000000
0.932044 -0.165985 -0.322092 -7.557026 -0.054440 0.814670 -0.577364 85.379723 0.358233 0.555663 0.750272 -6.338583 0.000000 0.000000 0.000000 1.000000
0.931979 -0.155319 -0.327554 -8.305134 -0.050531 0.839084 -0.541651 86.010071 0.358974 0.521358 0.774160 -6.674427 0.000000 0.000000 0.000000 1.000000
0.932071 -0.144770 -0.332091 -9.039797 -0.046570 0.861197 -0.506133 86.646683 0.359269 0.487217 0.795956 -6.988578 0.000000 0.000000 0.000000 1.000000
0.932577 -0.134261 -0.335075 -9.741631 -0.042395 0.881093 -0.471038 87.267868 0.358474 0.453485 0.815995 -7.285771 0.000000 0.000000 0.000000 1.000000
0.933163 -0.124788 -0.337097 -10.386153 -0.037281 0.899149 -0.436052 87.904221 0.357514 0.419475 0.834401 -7.594158 0.000000 0.000000 0.000000 1.000000
0.932857 -0.117899 -0.340407 -10.967601 -0.031164 0.914976 -0.402302 88.532616 0.358895 0.385899 0.849868 -7.921563 0.000000 0.000000 0.000000 1.000000
0.931152 -0.113445 -0.346534 -11.472273 -0.025366 0.927913 -0.371933 89.085373 0.363748 0.355117 0.861150 -8.234219 0.000000 0.000000 0.000000 1.000000
0.928678 -0.109349 -0.354401 -11.866949 -0.021654 0.937933 -0.346140 89.528366 0.370254 0.329127 0.868670 -8.485129 0.000000 0.000000 0.000000 1.000000
0.925980 -0.103980 -0.362973 -12.121351 -0.020823 0.945806 -0.324065 89.887856 0.376998 0.307636 0.873632 -8.655018 0.000000 0.000000 0.000000 1.000000
0.922521 -0.097597 -0.373404 -12.230888 -0.022324 0.952386 -0.304078 90.204338 0.385301 0.288854 0.876417 -8.765704 0.000000 0.000000 0.000000 1.000000
0.917788 -0.090952 -0.386514 -12.205956 -0.024972 0.958265 -0.284790 90.501007 0.396285 0.271029 0.877212 -8.846289 0.000000 0.000000 0.000000 1.000000
0.912508 -0.083935 -0.400355 -12.051057 -0.027828 0.963718 -0.265470 90.784836 0.408112 0.253384 0.877064 -8.895626 0.000000 0.000000 0.000000 1.000000
0.907688 -0.076643 -0.412588 -11.778266 -0.030840 0.968339 -0.247728 91.058846 0.418511 0.237584 0.876586 -8.883260 0.000000 0.000000 0.000000 1.000000
0.903275 -0.070139 -0.423291 -11.419716 -0.034306 0.971584 -0.234196 91.331039 0.427689 0.226065 0.875201 -8.799331 0.000000 0.000000 0.000000 1.000000
0.898810 -0.064982 -0.433495 -11.002170 -0.037971 0.973691 -0.224688 91.614517 0.436690 0.218412 0.872696 -8.678472 0.000000 0.000000 0.000000 1.000000
0.894507 -0.060545 -0.442935 -10.522153 -0.041478 0.975273 -0.217076 91.911133 0.445125 0.212548 0.869877 -8.545795 0.000000 0.000000 0.000000 1.000000
0.890716 -0.056286 -0.451062 -9.959914 -0.045042 0.976492 -0.210796 92.210335 0.452323 0.208076 0.867242 -8.379864 0.000000 0.000000 0.000000 1.000000
0.886982 -0.052483 -0.458812 -9.308254 -0.049025 0.977206 -0.206557 92.500740 0.459194 0.205706 0.864191 -8.149502 0.000000 0.000000 0.000000 1.000000
0.882792 -0.049549 -0.467143 -8.574387 -0.053000 0.977567 -0.203846 92.789848 0.466765 0.204712 0.860363 -7.854022 0.000000 0.000000 0.000000 1.000000
0.878761 -0.047249 -0.474917 -7.767148 -0.055790 0.978096 -0.200541 93.092026 0.473990 0.202723 0.856876 -7.518754 0.000000 0.000000 0.000000 1.000000
0.875932 -0.045024 -0.480329 -6.895270 -0.056911 0.979040 -0.195555 93.402344 0.479066 0.198628 0.855010 -7.155787 0.000000 0.000000 0.000000 1.000000
0.874690 -0.043122 -0.482762 -5.971502 -0.057001 0.979970 -0.190812 93.689621 0.481320 0.194419 0.854712 -6.737510 0.000000 0.000000 0.000000 1.000000
0.874658 -0.042328 -0.482890 -5.010274 -0.057047 0.980269 -0.189255 93.918098 0.481373 0.193081 0.854986 -6.231623 0.000000 0.000000 0.000000 1.000000
0.874954 -0.042776 -0.482313 -4.032166 -0.057647 0.979803 -0.191474 94.069450 0.480763 0.195334 0.854817 -5.657091 0.000000 0.000000 0.000000 1.000000
0.875123 -0.043959 -0.481900 -3.061502 -0.058458 0.978968 -0.195461 94.148445 0.480357 0.199224 0.854147 -5.072543 0.000000 0.000000 0.000000 1.000000
0.875785 -0.044938 -0.480605 -2.114872 -0.058860 0.978285 -0.198730 94.167068 0.479099 0.202333 0.854123 -4.525241 0.000000 0.000000 0.000000 1.000000
0.878494 -0.044451 -0.475681 -1.199303 -0.058819 0.978024 -0.200022 94.141846 0.474118 0.203697 0.856574 -4.029859 0.000000 0.000000 0.000000 1.000000
0.885099 -0.042351 -0.463472 -0.326388 -0.057985 0.978057 -0.200107 94.088959 0.461776 0.203989 0.863221 -3.574468 0.000000 0.000000 0.000000 1.000000
0.895925 -0.040739 -0.442333 0.466565 -0.055327 0.977797 -0.202117 94.010468 0.440746 0.205555 0.873779 -3.134018 0.000000 0.000000 0.000000 1.000000
0.908341 -0.041194 -0.416197 1.119575 -0.051025 0.976788 -0.208041 93.907349 0.415106 0.210209 0.885155 -2.713418 0.000000 0.000000 0.000000 1.000000
0.918790 -0.041737 -0.392534 1.593609 -0.047228 0.975630 -0.214279 93.814331 0.391911 0.215416 0.894428 -2.380193 0.000000 0.000000 0.000000 1.000000
0.926229 -0.040010 -0.374832 1.895220 -0.045438 0.975251 -0.216379 93.758469 0.374213 0.217448 0.901488 -2.182470 0.000000 0.000000 0.000000 1.000000
0.932028 -0.036359 -0.360558 2.051354 -0.045127 0.975564 -0.215030 93.727097 0.359565 0.216685 0.907612 -2.085946 0.000000 0.000000 0.000000 1.000000
0.937493 -0.032440 -0.346488 2.077666 -0.045273 0.975816 -0.213854 93.700027 0.345046 0.216173 0.913352 -2.037604 0.000000 0.000000 0.000000 1.000000
0.942807 -0.029276 -0.332052 1.973564 -0.045368 0.975598 -0.214828 93.679657 0.330239 0.217605 0.918472 -2.020838 0.000000 0.000000 0.000000 1.000000
0.947572 -0.026964 -0.318403 1.731659 -0.045206 0.975099 -0.217113 93.682098 0.316328 0.220124 0.922758 -2.038776 0.000000 0.000000 0.000000 1.000000
0.951496 -0.025273 -0.306621 1.346870 -0.044661 0.974718 -0.218932 93.713989 0.304402 0.222006 0.926311 -2.089866 0.000000 0.000000 0.000000 1.000000
0.954690 -0.023880 -0.296642 0.828607 -0.043802 0.974644 -0.219431 93.763512 0.294360 0.222482 0.929437 -2.172956 0.000000 0.000000 0.000000 1.000000
0.957681 -0.022351 -0.286963 0.210366 -0.042827 0.974817 -0.218854 93.812408 0.284628 0.221882 0.932607 -2.295028 0.000000 0.000000 0.000000 1.000000
0.960886 -0.020526 -0.276182 -0.471203 -0.041700 0.975157 -0.217555 93.861618 0.273787 0.220562 0.936159 -2.462075 0.000000 0.000000 0.000000 1.000000
0.964184 -0.018719 -0.264574 -1.204293 -0.040159 0.975703 -0.215383 93.923706 0.262178 0.218294 0.940006 -2.671628 0.000000 0.000000 0.000000 1.000000
0.967230 -0.017451 -0.253303 -1.993264 -0.037937 0.976503 -0.212138 94.003510 0.251053 0.214795 0.943841 -2.917402 0.000000 0.000000 0.000000 1.000000
0.969872 -0.017155 -0.243011 -2.832409 -0.034904 0.977441 -0.208307 94.090836 0.241102 0.210513 0.947393 -3.187055 0.000000 0.000000 0.000000 1.000000
0.972146 -0.018082 -0.233677 -3.700961 -0.031085 0.978265 -0.205017 94.164673 0.232305 0.206570 0.950454 -3.457095 0.000000 0.000000 0.000000 1.000000
0.974054 -0.020139 -0.225418 -4.566296 -0.026746 0.978810 -0.203019 94.230087 0.224730 0.203780 0.952875 -3.704531 0.000000 0.000000 0.000000 1.000000
0.975489 -0.022822 -0.218862 -5.404611 -0.022356 0.979182 -0.201750 94.303642 0.218911 0.201698 0.954671 -3.923701 0.000000 0.000000 0.000000 1.000000
0.976325 -0.025485 -0.214803 -6.206353 -0.018334 0.979712 -0.199568 94.397163 0.215531 0.198782 0.956050 -4.123815 0.000000 0.000000 0.000000 1.000000
0.976497 -0.027857 -0.213721 -6.965297 -0.014835 0.980573 -0.195593 94.511337 0.215018 0.194166 0.957114 -4.308622 0.000000 0.000000 0.000000 1.000000
0.976127 -0.030229 -0.215086 -7.666867 -0.011643 0.981561 -0.190792 94.640533 0.216888 0.188742 0.957777 -4.464809 0.000000 0.000000 0.000000 1.000000
0.975648 -0.033487 -0.216771 -8.291188 -0.007755 0.982393 -0.186665 94.776093 0.219205 0.183800 0.958210 -4.576411 0.000000 0.000000 0.000000 1.000000
0.975389 -0.038271 -0.217143 -8.827201 -0.002304 0.982998 -0.183602 94.910995 0.220478 0.179584 0.958717 -4.644757 0.000000 0.000000 0.000000 1.000000
0.974938 -0.043414 -0.218201 -9.284714 0.003398 0.983567 -0.180510 95.045166 0.222452 0.175245 0.959064 -4.693313 0.000000 0.000000 0.000000 1.000000
0.973598 -0.046671 -0.223449 -9.679904 0.006794 0.984367 -0.176000 95.183342 0.228170 0.169835 0.958694 -4.744856 0.000000 0.000000 0.000000 1.000000
0.971307 -0.047761 -0.232983 -10.011369 0.007462 0.985266 -0.170866 95.335327 0.237711 0.164225 0.957352 -4.788494 0.000000 0.000000 0.000000 1.000000
0.968495 -0.048911 -0.244181 -10.259664 0.007385 0.985733 -0.168156 95.495697 0.248922 0.161055 0.955039 -4.785129 0.000000 0.000000 0.000000 1.000000
0.965386 -0.052130 -0.255564 -10.409354 0.008273 0.985451 -0.169761 95.655891 0.260696 0.161770 0.951771 -4.713897 0.000000 0.000000 0.000000 1.000000
0.961968 -0.057271 -0.267090 -10.454617 0.010324 0.984698 -0.173961 95.812721 0.272966 0.164587 0.947840 -4.582097 0.000000 0.000000 0.000000 1.000000
0.958562 -0.062658 -0.277907 -10.392135 0.013023 0.984130 -0.176969 95.964661 0.284585 0.166017 0.944166 -4.409908 0.000000 0.000000 0.000000 1.000000
0.955679 -0.066833 -0.286724 -10.219187 0.015966 0.984225 -0.176199 96.109619 0.293977 0.163812 0.941670 -4.217935 0.000000 0.000000 0.000000 1.000000
0.953106 -0.069456 -0.294557 -9.943973 0.018573 0.984897 -0.172140 96.246399 0.302065 0.158597 0.940002 -4.014214 0.000000 0.000000 0.000000 1.000000
0.949924 -0.070976 -0.304314 -9.589034 0.019853 0.985603 -0.167904 96.368011 0.311850 0.153454 0.937657 -3.786981 0.000000 0.000000 0.000000 1.000000
0.945622 -0.072026 -0.317193 -9.172800 0.019262 0.985864 -0.166439 96.458221 0.324697 0.151278 0.933642 -3.516544 0.000000 0.000000 0.000000 1.000000
0.940554 -0.072912 -0.331725 -8.698681 0.017372 0.985735 -0.167405 96.517578 0.339199 0.151691 0.928404 -3.202632 0.000000 0.000000 0.000000 1.000000
0.935328 -0.073352 -0.346093 -8.158257 0.015135 0.985670 -0.168003 96.556808 0.353457 0.151900 0.923036 -2.858455 0.000000 0.000000 0.000000 1.000000
0.930209 -0.072947 -0.359709 -7.552941 0.012824 0.985912 -0.166775 96.585655 0.366807 0.150523 0.918039 -2.489676 0.000000 0.000000 0.000000 1.000000
0.925273 -0.071689 -0.372464 -6.901847 0.010113 0.986290 -0.164710 96.606079 0.379166 0.148635 0.913313 -2.094411 0.000000 0.000000 0.000000 1.000000
0.920802 -0.069938 -0.383709 -6.228088 0.006919 0.986566 -0.163217 96.619621 0.389969 0.147636 0.908916 -1.676879 0.000000 0.000000 0.000000 1.000000
0.917263 -0.068122 -0.392414 -5.544985 0.003662 0.986665 -0.162723 96.638733 0.398266 0.147822 0.905281 -1.250251 0.000000 0.000000 0.000000 1.000000
0.915006 -0.066354 -0.397946 -4.863035 0.000604 0.986606 -0.163121 96.676674 0.403440 0.149017 0.902790 -0.831184 0.000000 0.000000 0.000000 1.000000
0.914080 -0.064404 -0.400386 -4.203028 -0.002421 0.986424 -0.164198 96.729774 0.405526 0.151059 0.901515 -0.438060 0.000000 0.000000 0.000000 1.000000
0.914375 -0.062251 -0.400054 -3.588679 -0.005546 0.986090 -0.166118 96.781166 0.404830 0.154113 0.901311 -0.080109 0.000000 0.000000 0.000000 1.000000
0.916159 -0.060553 -0.396215 -3.028086 -0.008299 0.985445 -0.169794 96.817009 0.400729 0.158847 0.902321 0.255418 0.000000 0.000000 0.000000 1.000000
0.920335 -0.059686 -0.386549 -2.502088 -0.009673 0.984513 -0.175047 96.844368 0.391010 0.164841 0.905504 0.585439 0.000000 0.000000 0.000000 1.000000
0.927170 -0.058604 -0.370029 -1.987475 -0.009363 0.983756 -0.179266 96.873779 0.374524 0.169675 0.911560 0.899573 0.000000 0.000000 0.000000 1.000000
0.934867 -0.056093 -0.350538 -1.507161 -0.008713 0.983514 -0.180621 96.903580 0.354891 0.171910 0.918967 1.160171 0.000000 0.000000 0.000000 1.000000
0.940985 -0.052401 -0.334367 -1.120972 -0.009489 0.983468 -0.180831 96.922066 0.338315 0.173332 0.924932 1.343619 0.000000 0.000000 0.000000 1.000000
0.945219 -0.048981 -0.322742 -0.847828 -0.011134 0.983266 -0.181835 96.932312 0.326248 0.175467 0.928856 1.468909 0.000000 0.000000 0.000000 1.000000
0.948302 -0.045927 -0.314028 -0.653079 -0.013056 0.982990 -0.183192 96.937363 0.317100 0.177821 0.931572 1.557337 0.000000 0.000000 0.000000 1.000000
0.950438 -0.042853 -0.307948 -0.529612 -0.015373 0.982768 -0.184205 96.937469 0.310535 0.179810 0.933401 1.614537 0.000000 0.000000 0.000000 1.000000
0.951996 -0.039810 -0.303512 -0.469163 -0.017706 0.982686 -0.184430 96.946907 0.305599 0.180950 0.934808 1.652363 0.000000 0.000000 0.000000 1.000000</float_array><technique_common><accessor source="#Hips-Matrix-animation-output-transform-array" count="139" stride="16"><param type="float4x4"/></accessor></technique_common></source><source id="Hips-Interpolations"><Name_array id="Hips-Interpolations-array" count="139">
 LINEAR LINEAR LINEAR LINEAR LINEAR LINEAR LINEAR LINEAR LINEAR LINEAR LINEAR
LINEAR LINEAR LINEAR LINEAR LINEAR LINEAR LINEAR LINEAR LINEAR LINEAR LINEAR LINEAR
LINEAR LINEAR LINEAR LINEAR LINEAR LINEAR LINEAR LINEAR LINEAR LINEAR LINEAR LINEAR
LINEAR LINEAR LINEAR LINEAR LINEAR LINEAR LINEAR LINEAR LINEAR LINEAR LINEAR LINEAR
LINEAR LINEAR LINEAR LINEAR LINEAR LINEAR LINEAR LINEAR LINEAR LINEAR LINEAR LINEAR
LINEAR LINEAR LINEAR LINEAR LINEAR LINEAR LINEAR LINEAR LINEAR LINEAR LINEAR LINEAR
LINEAR LINEAR LINEAR LINEAR LINEAR LINEAR LINEAR LINEAR LINEAR LINEAR LINEAR LINEAR
LINEAR LINEAR LINEAR LINEAR LINEAR LINEAR LINEAR LINEAR LINEAR LINEAR LINEAR LINEAR
LINEAR LINEAR LINEAR LINEAR LINEAR LINEAR LINEAR LINEAR LINEAR LINEAR LINEAR LINEAR
LINEAR LINEAR LINEAR LINEAR LINEAR LINEAR LINEAR LINEAR LINEAR LINEAR LINEAR LINEAR
LINEAR LINEAR LINEAR LINEAR LINEAR LINEAR LINEAR LINEAR LINEAR LINEAR LINEAR LINEAR
LINEAR LINEAR LINEAR LINEAR LINEAR LINEAR LINEAR LINEAR</Name_array><technique_common><accessor source="#Hips-Interpolations-array" count="139"><param type="name"/></accessor></technique_common></source><sampler id="Hips-Matrix-animation-transform"><input semantic="INPUT" source="#Hips-Matrix-animation-input"/><input semantic="OUTPUT" source="#Hips-Matrix-animation-output-transform"/><input semantic="INTERPOLATION" source="#Hips-Interpolations"/></sampler><channel source="#Hips-Matrix-animation-transform" target="Hips/matrix"/></animation>
    <animation id="Spine-anim" name="Spine"><source id="Spine-Matrix-animation-input"><float_array id="Spine-Matrix-animation-input-array" count="139">

0.000000 0.033333 0.066667 0.100000 0.133333 0.166667 0.200000 0.233333 0.266667 0.300000 0.333333 0.366667 0.400000 0.433333 0.466667 0.500000
0.533333 0.566667 0.600000 0.633333 0.666667 0.700000 0.733333 0.766667 0.800000 0.833333 0.866667 0.900000 0.933333 0.966667 1.000000 1.033333
1.066667 1.100000 1.133333 1.166667 1.200000 1.233333 1.266667 1.300000 1.333333 1.366667 1.400000 1.433333 1.466667 1.500000 1.533333 1.566667
1.600000 1.633333 1.666667 1.700000 1.733333 1.766667 1.800000 1.833333 1.866667 1.900000 1.933333 1.966667 2.000000 2.033333 2.066667 2.100000
2.133333 2.166667 2.200000 2.233333 2.266667 2.300000 2.333333 2.366667 2.400000 2.433333 2.466667 2.500000 2.533333 2.566667 2.600000 2.633333
2.666667 2.700000 2.733333 2.766667 2.800000 2.833333 2.866667 2.900000 2.933333 2.966667 3.000000 3.033333 3.066667 3.100000 3.133333 3.166667
3.200000 3.233333 3.266667 3.300000 3.333333 3.366667 3.400000 3.433333 3.466667 3.500000 3.533333 3.566667 3.600000 3.633333 3.666667 3.700000
3.733333 3.766667 3.800000 3.833333 3.866667 3.900000 3.933333 3.966667 4.000000 4.033333 4.066667 4.100000 4.133333 4.166667 4.200000 4.233333
4.266667 4.300000 4.333333 4.366667 4.400000 4.433333 4.466667 4.500000 4.533333 4.566667 4.600000</float_array><technique_common><accessor source="#Spine-Matrix-animation-input-array" count="139"><param name="TIME" type="float"/></accessor></technique_common></source><source id="Spine-Matrix-animation-output-transform"><float_array id="Spine-Matrix-animation-output-transform-array" count="2224">

0.999518 0.007374 -0.030155 0.000000 -0.010950 0.992690 -0.120195 13.315500 0.029048 0.120467 0.992292 0.589700 0.000000 0.000000 0.000000 1.000000
0.999591 0.009015 -0.027132 0.000000 -0.012206 0.992716 -0.119860 13.315500 0.025853 0.120142 0.992420 0.589700 0.000000 0.000000 0.000000 1.000000
0.999645 0.011604 -0.023980 0.000000 -0.014340 0.992998 -0.117259 13.315500 0.022451 0.117562 0.992812 0.589700 0.000000 0.000000 0.000000 1.000000
0.999667 0.014904 -0.021078 0.000000 -0.017179 0.993534 -0.112229 13.315500 0.019269 0.112553 0.993459 0.589700 0.000000 0.000000 0.000000 1.000000
0.999663 0.017799 -0.018914 -0.000000 -0.019688 0.994287 -0.104906 13.315500 0.016938 0.105243 0.994302 0.589700 0.000000 0.000000 0.000000 1.000000
0.999659 0.019138 -0.017768 0.000000 -0.020794 0.994949 -0.098209 13.315500 0.015798 0.098545 0.995007 0.589700 0.000000 0.000000 0.000000 1.000000
0.999659 0.018610 -0.018299 -0.000000 -0.020277 0.995213 -0.095601 13.315500 0.016432 0.095940 0.995252 0.589700 0.000000 0.000000 0.000000 1.000000
0.999684 0.014325 -0.020643 0.000000 -0.016313 0.994894 -0.099596 13.315500 0.019111 0.099901 0.994814 0.589700 0.000000 0.000000 0.000000 1.000000
0.999700 0.006355 -0.023656 -0.000000 -0.008942 0.993791 -0.110904 13.315500 0.022804 0.111082 0.993550 0.589700 0.000000 0.000000 0.000000 1.000000
0.999653 -0.001071 -0.026313 0.000000 -0.002325 0.991681 -0.128697 13.315500 0.026232 0.128713 0.991335 0.589700 0.000000 0.000000 0.000000 1.000000
0.999553 -0.004601 -0.029550 -0.000000 0.000101 0.988605 -0.150534 13.315500 0.029906 0.150464 0.988163 0.589700 0.000000 0.000000 0.000000 1.000000
0.999394 -0.004399 -0.034516 0.000000 -0.001604 0.985095 -0.172005 13.315500 0.034758 0.171957 0.984491 0.589700 0.000000 0.000000 0.000000 1.000000
0.999189 -0.001996 -0.040208 0.000000 -0.005611 0.982116 -0.188193 13.315500 0.039864 0.188266 0.981309 0.589700 0.000000 0.000000 0.000000 1.000000
0.999034 0.001220 -0.043927 0.000000 -0.009858 0.980358 -0.196979 13.315500 0.042824 0.197221 0.979423 0.589700 0.000000 0.000000 0.000000 1.000000
0.999009 0.004331 -0.044293 0.000000 -0.013137 0.979604 -0.200509 13.315500 0.042521 0.200892 0.978690 0.589700 0.000000 0.000000 0.000000 1.000000
0.999125 0.006352 -0.041347 -0.000000 -0.014592 0.979244 -0.202161 13.315500 0.039205 0.202588 0.978479 0.589700 0.000000 0.000000 0.000000 1.000000
0.999359 0.006586 -0.035187 0.000000 -0.013546 0.979411 -0.201419 13.315500 0.033136 0.201767 0.978873 0.589700 0.000000 0.000000 0.000000 1.000000
0.999630 0.005593 -0.026637 0.000000 -0.010628 0.981177 -0.192818 13.315500 0.025058 0.193029 0.980873 0.589700 0.000000 0.000000 0.000000 1.000000
0.999832 0.004279 -0.017815 0.000000 -0.007273 0.985146 -0.171568 13.315500 0.016816 0.171668 0.985011 0.589700 0.000000 0.000000 0.000000 1.000000
0.999940 0.002607 -0.010632 0.000000 -0.004069 0.990153 -0.139927 13.315500 0.010162 0.139962 0.990105 0.589700 0.000000 0.000000 0.000000 1.000000
0.999986 0.000296 -0.005369 0.000000 -0.000865 0.994327 -0.106365 13.315500 0.005307 0.106368 0.994313 0.589700 0.000000 0.000000 0.000000 1.000000
0.999994 -0.002666 -0.002138 0.000000 0.002490 0.996920 -0.078388 13.315500 0.002340 0.078382 0.996921 0.589700 0.000000 0.000000 0.000000 1.000000
0.999983 -0.005799 -0.001067 0.000000 0.005728 0.998341 -0.057290 13.315500 0.001397 0.057283 0.998357 0.589700 0.000000 0.000000 0.000000 1.000000
0.999971 -0.007634 -0.000837 0.000000 0.007595 0.999195 -0.039382 13.315500 0.001137 0.039374 0.999224 0.589700 0.000000 0.000000 0.000000 1.000000
0.999955 -0.009492 -0.000636 0.000000 0.009477 0.999738 -0.020836 13.315500 0.000834 0.020829 0.999783 0.589700 0.000000 0.000000 0.000000 1.000000
0.999946 -0.010251 -0.001660 0.000000 0.010249 0.999947 -0.001033 13.315500 0.001670 0.001016 0.999998 0.589700 0.000000 0.000000 0.000000 1.000000
0.999939 -0.009861 -0.005028 -0.000000 0.009950 0.999788 0.018030 13.315500 0.004849 -0.018078 0.999825 0.589700 0.000000 0.000000 0.000000 1.000000
0.999930 -0.007415 -0.009260 0.000000 0.007728 0.999385 0.034213 13.315500 0.009001 -0.034282 0.999372 0.589700 0.000000 0.000000 0.000000 1.000000
0.999931 -0.002235 -0.011519 -0.000000 0.002770 0.998910 0.046604 13.315500 0.011402 -0.046633 0.998847 0.589700 0.000000 0.000000 0.000000 1.000000
0.999941 0.003332 -0.010317 0.000000 -0.002754 0.998456 0.055471 13.315500 0.010486 -0.055440 0.998407 0.589700 0.000000 0.000000 0.000000 1.000000
0.999948 0.007878 -0.006525 -0.000000 -0.007459 0.998053 0.061929 13.315500 0.007000 -0.061877 0.998059 0.589700 0.000000 0.000000 0.000000 1.000000
0.999933 0.011496 -0.001680 0.000000 -0.011357 0.997677 0.067164 13.315500 0.002449 -0.067140 0.997741 0.589700 0.000000 0.000000 0.000000 1.000000
0.999879 0.015310 0.002874 0.000000 -0.015476 0.997344 0.071173 13.315500 -0.001777 -0.071209 0.997460 0.589700 0.000000 0.000000 0.000000 1.000000
0.999802 0.018872 0.006341 -0.000000 -0.019283 0.997167 0.072709 13.315500 -0.004951 -0.072817 0.997333 0.589700 0.000000 0.000000 0.000000 1.000000
0.999741 0.020949 0.008943 0.000000 -0.021530 0.997262 0.070744 13.315500 -0.007437 -0.070918 0.997454 0.589700 0.000000 0.000000 0.000000 1.000000
0.999705 0.021332 0.011571 0.000000 -0.022038 0.997656 0.064778 13.315500 -0.010162 -0.065014 0.997833 0.589700 0.000000 0.000000 0.000000 1.000000
0.999686 0.020335 0.014623 0.000000 -0.021087 0.998361 0.053209 13.315500 -0.013517 -0.053501 0.998476 0.589700 0.000000 0.000000 0.000000 1.000000
0.999581 0.023426 0.017027 -0.000000 -0.023982 0.999161 0.033197 13.315500 -0.016235 -0.033592 0.999304 0.589700 0.000000 0.000000 0.000000 1.000000
0.999411 0.028490 0.019107 -0.000000 -0.028561 0.999586 0.003427 13.315500 -0.019002 -0.003971 0.999812 0.589700 0.000000 0.000000 0.000000 1.000000
0.999238 0.032989 0.020851 -0.000000 -0.032277 0.998914 -0.033609 13.315500 -0.021937 0.032910 0.999218 0.589700 0.000000 0.000000 0.000000 1.000000
0.999147 0.035491 0.021118 0.000000 -0.033890 0.996838 -0.071870 13.315500 -0.023602 0.071093 0.997190 0.589700 0.000000 0.000000 0.000000 1.000000
0.999141 0.036745 0.019177 0.000000 -0.034539 0.993884 -0.104891 13.315500 -0.022914 0.104139 0.994299 0.589700 0.000000 0.000000 0.000000 1.000000
0.999090 0.040075 0.014622 -0.000000 -0.037837 0.990773 -0.130147 13.315500 -0.019703 0.129475 0.991387 0.589700 0.000000 0.000000 0.000000 1.000000
0.999014 0.043653 0.008147 0.000000 -0.041938 0.987776 -0.150130 13.315500 -0.014601 0.149640 0.988633 0.589700 0.000000 0.000000 0.000000 1.000000
0.999046 0.043663 -0.000417 0.000000 -0.043108 0.984745 -0.168581 13.315500 -0.006950 0.168438 0.985688 0.589700 0.000000 0.000000 0.000000 1.000000
0.999160 0.039837 -0.009558 0.000000 -0.040921 0.981600 -0.186513 13.315500 0.001952 0.186748 0.982406 0.589700 0.000000 0.000000 0.000000 1.000000
0.999175 0.037349 -0.015938 0.000000 -0.039812 0.978318 -0.203245 13.315500 0.008001 0.203712 0.978998 0.589700 0.000000 0.000000 0.000000 1.000000
0.999080 0.038484 -0.018936 0.000000 -0.041706 0.974720 -0.219501 13.315500 0.010010 0.220088 0.975429 0.589700 0.000000 0.000000 0.000000 1.000000
0.998996 0.040264 -0.019653 -0.000000 -0.043775 0.970608 -0.236652 13.315500 0.009547 0.237275 0.971396 0.589700 0.000000 0.000000 0.000000 1.000000
0.999061 0.038383 -0.020113 0.000000 -0.042232 0.966421 -0.253471 13.315500 0.009708 0.254082 0.967134 0.589700 0.000000 0.000000 0.000000 1.000000
0.999206 0.033555 -0.021470 0.000000 -0.038063 0.963194 -0.266098 13.315500 0.011751 0.266704 0.963707 0.589700 0.000000 0.000000 0.000000 1.000000
0.999302 0.029493 -0.022942 -0.000000 -0.034624 0.961748 -0.271737 13.315500 0.014050 0.272342 0.962098 0.589700 0.000000 0.000000 0.000000 1.000000
0.999339 0.027797 -0.023422 0.000000 -0.033118 0.961876 -0.271472 13.315500 0.014983 0.272068 0.962161 0.589700 0.000000 0.000000 0.000000 1.000000
0.999351 0.028233 -0.022384 0.000000 -0.033222 0.962511 -0.269202 13.315500 0.013945 0.269770 0.962824 0.589700 0.000000 0.000000 0.000000 1.000000
0.999365 0.029364 -0.020163 0.000000 -0.033700 0.962788 -0.268149 13.315500 0.011539 0.268659 0.963166 0.589700 0.000000 0.000000 0.000000 1.000000
0.999411 0.029350 -0.017790 -0.000000 -0.033053 0.962687 -0.268592 13.315500 0.009243 0.269022 0.963090 0.589700 0.000000 0.000000 0.000000 1.000000
0.999484 0.027790 -0.016097 0.000000 -0.031096 0.962696 -0.268792 13.315500 0.008027 0.269154 0.963064 0.589700 0.000000 0.000000 0.000000 1.000000
0.999552 0.025806 -0.015174 0.000000 -0.028926 0.963143 -0.267429 13.315500 0.007714 0.267748 0.963458 0.589700 0.000000 0.000000 0.000000 1.000000
0.999586 0.024708 -0.014734 0.000000 -0.027728 0.963925 -0.264727 13.315500 0.007661 0.265026 0.964211 0.589700 0.000000 0.000000 0.000000 1.000000
0.999576 0.025096 -0.014759 0.000000 -0.028085 0.964740 -0.261703 13.315500 0.007671 0.262007 0.965035 0.589700 0.000000 0.000000 0.000000 1.000000
0.999521 0.026905 -0.015287 -0.000000 -0.029949 0.965388 -0.259094 13.315500 0.007787 0.259428 0.965731 0.589700 0.000000 0.000000 0.000000 1.000000
0.999441 0.029135 -0.016396 0.000000 -0.032373 0.965839 -0.257111 13.315500 0.008345 0.257498 0.966243 0.589700 0.000000 0.000000 0.000000 1.000000
0.999345 0.031484 -0.017850 0.000000 -0.035004 0.966127 -0.255683 13.315500 0.009196 0.256141 0.966596 0.589700 0.000000 0.000000 0.000000 1.000000
0.999226 0.034079 -0.019636 -0.000000 -0.037957 0.966356 -0.254393 13.315500 0.010306 0.254942 0.966902 0.589700 0.000000 0.000000 0.000000 1.000000
0.999064 0.037347 -0.021802 -0.000000 -0.041646 0.966742 -0.252341 13.315500 0.011653 0.253013 0.967393 0.589700 0.000000 0.000000 0.000000 1.000000
0.998860 0.040918 -0.024572 -0.000000 -0.045751 0.967508 -0.248668 13.315500 0.013599 0.249509 0.968277 0.589700 0.000000 0.000000 0.000000 1.000000
0.998645 0.043942 -0.027870 -0.000000 -0.049415 0.968674 -0.243369 13.315500 0.016302 0.244416 0.969533 0.589700 0.000000 0.000000 0.000000 1.000000
0.998450 0.046382 -0.030770 0.000000 -0.052376 0.970001 -0.237393 13.315500 0.018837 0.238637 0.970926 0.589700 0.000000 0.000000 0.000000 1.000000
0.998296 0.048614 -0.032282 0.000000 -0.054795 0.971176 -0.231981 13.315500 0.020074 0.233355 0.972184 0.589700 0.000000 0.000000 0.000000 1.000000
0.998198 0.050428 -0.032539 0.000000 -0.056532 0.972081 -0.227736 13.315500 0.020147 0.229165 0.973179 0.589700 0.000000 0.000000 0.000000 1.000000
0.998140 0.051455 -0.032703 0.000000 -0.057498 0.972832 -0.224261 13.315500 0.020275 0.225724 0.973980 0.589700 0.000000 0.000000 0.000000 1.000000
0.998078 0.051907 -0.033856 0.000000 -0.058120 0.973618 -0.220657 13.315500 0.021509 0.222200 0.974764 0.589700 0.000000 0.000000 0.000000 1.000000
0.997970 0.052415 -0.036172 0.000000 -0.059029 0.974495 -0.216507 13.315500 0.023901 0.218203 0.975611 0.589700 0.000000 0.000000 0.000000 1.000000
0.997830 0.052998 -0.039059 0.000000 -0.060116 0.975344 -0.212343 13.315500 0.026842 0.214231 0.976414 0.589700 0.000000 0.000000 0.000000 1.000000
0.997725 0.052875 -0.041831 -0.000000 -0.060487 0.976061 -0.208919 13.315500 0.029783 0.210974 0.977038 0.589700 0.000000 0.000000 0.000000 1.000000
0.997677 0.051814 -0.044235 -0.000000 -0.059862 0.976698 -0.206100 13.315500 0.032526 0.208269 0.977531 0.589700 0.000000 0.000000 0.000000 1.000000
0.997641 0.050683 -0.046294 0.000000 -0.059073 0.977402 -0.202966 13.315500 0.034961 0.205222 0.978091 0.589700 0.000000 0.000000 0.000000 1.000000
0.997579 0.050250 -0.048079 0.000000 -0.058871 0.978205 -0.199120 13.315500 0.037026 0.201468 0.978795 0.589700 0.000000 0.000000 0.000000 1.000000
0.997496 0.050301 -0.049722 -0.000000 -0.059103 0.978953 -0.195341 13.315500 0.038850 0.197790 0.979474 0.589700 0.000000 0.000000 0.000000 1.000000
0.997440 0.050052 -0.051075 0.000000 -0.059019 0.979477 -0.192719 13.315500 0.040380 0.195240 0.979924 0.589700 0.000000 0.000000 0.000000 1.000000
0.997466 0.048979 -0.051596 0.000000 -0.058018 0.979768 -0.191541 13.315500 0.041170 0.194049 0.980127 0.589700 0.000000 0.000000 0.000000 1.000000
0.997602 0.047161 -0.050664 -0.000000 -0.056040 0.979939 -0.191257 13.315500 0.040628 0.193637 0.980232 0.589700 0.000000 0.000000 0.000000 1.000000
0.997819 0.045183 -0.048114 -0.000000 -0.053601 0.980077 -0.191246 13.315500 0.038515 0.193408 0.980362 0.589700 0.000000 0.000000 0.000000 1.000000
0.998065 0.043491 -0.044444 0.000000 -0.051235 0.980176 -0.191392 13.315500 0.035239 0.193298 0.980507 0.589700 0.000000 0.000000 0.000000 1.000000
0.998306 0.041981 -0.040279 -0.000000 -0.048966 0.980168 -0.192023 13.315500 0.031419 0.193670 0.980563 0.589700 0.000000 0.000000 0.000000 1.000000
0.998544 0.040128 -0.036051 0.000000 -0.046367 0.980020 -0.193420 13.315500 0.027569 0.194810 0.980453 0.589700 0.000000 0.000000 0.000000 1.000000
0.998785 0.037263 -0.032263 -0.000000 -0.042864 0.979797 -0.195345 13.315500 0.024332 0.196490 0.980204 0.589700 0.000000 0.000000 0.000000 1.000000
0.999017 0.033173 -0.029399 -0.000000 -0.038330 0.979628 -0.197127 13.315500 0.022261 0.198060 0.979937 0.589700 0.000000 0.000000 0.000000 1.000000
0.999217 0.028759 -0.027160 0.000000 -0.033582 0.979577 -0.198243 13.315500 0.020904 0.199000 0.979776 0.589700 0.000000 0.000000 0.000000 1.000000
0.999379 0.025345 -0.024490 0.000000 -0.029713 0.979607 -0.198716 13.315500 0.018954 0.199320 0.979751 0.589700 0.000000 0.000000 0.000000 1.000000
