<?xml version="1.0" encoding="utf-8"?>
<COLLADA xmlns="http://www.collada.org/2005/11/COLLADASchema" version="1.4.1">
  <asset><contributor><author>Mixamo</author><authoring_tool>COLLADA Mixamo exporter</authoring_tool><comments></comments></contributor><created>2018-11-02T16:10:01Z</created><modified>2018-11-02T16:10:01Z</modified><revision></revision><title></title><unit meter="0.010000"/><up_axis>Y_UP</up_axis></asset>
  <library_animations>
    <animation id="Hips-anim" name="Hips"><source id="Hips-Matrix-animation-input"><float_array id="Hips-Matrix-animation-input-array" count="90">

0.000000 0.033333 0.066667 0.100000 0.133333 0.166667 0.200000 0.233333 0.266667 0.300000 0.333333 0.366667 0.400000 0.433333 0.466667 0.500000
0.533333 0.566667 0.600000 0.633333 0.666667 0.700000 0.733333 0.766667 0.800000 0.833333 0.866667 0.900000 0.933333 0.966667 1.000000 1.033333
1.066667 1.100000 1.133333 1.166667 1.200000 1.233333 1.266667 1.300000 1.333333 1.366667 1.400000 1.433333 1.466667 1.500000 1.533333 1.566667
1.600000 1.633333 1.666667 1.700000 1.733333 1.766667 1.800000 1.833333 1.866667 1.900000 1.933333 1.966667 2.000000 2.033333 2.066667 2.100000
2.133333 2.166667 2.200000 2.233333 2.266667 2.300000 2.333333 2.366667 2.400000 2.433333 2.466667 2.500000 2.533333 2.566667 2.600000 2.633333
2.666667 2.700000 2.733333 2.766667 2.800000 2.833333 2.866667 2.900000 2.933333 2.966667</float_array><technique_common><accessor source="#Hips-Matrix-animation-input-array" count="90"><param name="TIME" type="float"/></accessor></technique_common></source><source id="Hips-Matrix-animation-output-transform"><float_array id="Hips-Matrix-animation-output-transform-array" count="1440">

0.945867 -0.005033 -0.324514 0.462854 -0.060855 0.979396 -0.192564 97.145554 0.318797 0.201889 0.926072 0.405128 0.000000 0.000000 0.000000 1.000000
0.958057 0.010355 -0.286391 0.357781 -0.041927 0.993659 -0.104331 97.622543 0.283494 0.111962 0.952416 1.092722 0.000000 0.000000 0.000000 1.000000
0.975199 0.021818 -0.220250 0.195543 -0.010626 0.998597 0.051871 98.312607 0.221073 -0.048244 0.974063 2.093189 0.000000 0.000000 0.000000 1.000000
0.990867 0.017320 -0.133728 -0.040317 0.010558 0.978707 0.204990 98.683327 0.134431 -0.204529 0.969586 3.295359 0.000000 0.000000 0.000000 1.000000
0.998590 0.009581 -0.052204 -0.309757 0.006944 0.951537 0.307455 98.717300 0.052620 -0.307384 0.950130 4.632396 0.000000 0.000000 0.000000 1.000000
0.999947 -0.000297 0.010339 -0.603038 -0.003533 0.929654 0.368417 98.675331 -0.009721 -0.368434 0.929603 6.004189 0.000000 0.000000 0.000000 1.000000
0.997892 -0.018483 0.062202 -0.876479 -0.008469 0.913278 0.407249 98.666527 -0.064335 -0.406918 0.911196 7.207699 0.000000 0.000000 0.000000 1.000000
0.992354 -0.036556 0.117887 -1.150133 -0.018431 0.900531 0.434402 98.527977 -0.122041 -0.433253 0.892971 7.976146 0.000000 0.000000 0.000000 1.000000
0.982150 -0.047353 0.182039 -1.481688 -0.041126 0.890316 0.453483 98.038208 -0.183546 -0.452875 0.872476 8.166796 0.000000 0.000000 0.000000 1.000000
0.965536 -0.056496 0.254064 -1.886113 -0.072461 0.879213 0.470887 97.121040 -0.249979 -0.473068 0.844818 7.801095 0.000000 0.000000 0.000000 1.000000
0.943654 -0.070230 0.323395 -2.372985 -0.103326 0.865841 0.489533 95.862373 -0.314389 -0.495366 0.809798 6.965754 0.000000 0.000000 0.000000 1.000000
0.926315 -0.089575 0.365948 -2.884966 -0.116322 0.855871 0.503939 94.442482 -0.358344 -0.509374 0.782386 5.813948 0.000000 0.000000 0.000000 1.000000
0.921334 -0.115241 0.371299 -3.222788 -0.099896 0.852814 0.512571 92.697433 -0.375718 -0.509340 0.774215 4.272902 0.000000 0.000000 0.000000 1.000000
0.927935 -0.143535 0.343999 -3.203028 -0.062310 0.850165 0.522816 90.975769 -0.367498 -0.506574 0.779954 2.126814 0.000000 0.000000 0.000000 1.000000
0.936762 -0.166138 0.308019 -2.924615 -0.024268 0.847179 0.530753 89.647827 -0.349126 -0.504664 0.789573 -0.521854 0.000000 0.000000 0.000000 1.000000
0.940872 -0.179506 0.287292 -2.537778 0.001474 0.850228 0.526413 88.747261 -0.338758 -0.494864 0.800220 -3.461496 0.000000 0.000000 0.000000 1.000000
0.942963 -0.186882 0.275493 -2.090687 0.020203 0.858159 0.512987 88.029160 -0.332284 -0.478162 0.812987 -6.685886 0.000000 0.000000 0.000000 1.000000
0.947096 -0.190160 0.258551 -1.559526 0.037254 0.865266 0.499926 87.368057 -0.318781 -0.463846 0.826574 -10.295691 0.000000 0.000000 0.000000 1.000000
0.955022 -0.187045 0.230103 -1.056333 0.053820 0.872417 0.485791 86.708572 -0.291610 -0.451557 0.843244 -14.259857 0.000000 0.000000 0.000000 1.000000
0.962156 -0.186329 0.198838 -0.813363 0.073274 0.879719 0.469813 86.007645 -0.262462 -0.437464 0.860081 -18.246429 0.000000 0.000000 0.000000 1.000000
0.965521 -0.194491 0.173036 -0.855553 0.096001 0.883866 0.457783 85.205193 -0.241976 -0.425388 0.872063 -21.939116 0.000000 0.000000 0.000000 1.000000
0.968181 -0.196831 0.154545 -0.940099 0.109087 0.887738 0.447237 84.433609 -0.225225 -0.416147 0.880963 -25.358259 0.000000 0.000000 0.000000 1.000000
0.974271 -0.174119 0.143106 -0.745218 0.097369 0.897811 0.429483 83.744041 -0.203263 -0.404498 0.891664 -28.562162 0.000000 0.000000 0.000000 1.000000
0.983313 -0.121407 0.135482 -0.258680 0.057036 0.912926 0.404119 83.010384 -0.172748 -0.389648 0.904617 -31.838360 0.000000 0.000000 0.000000 1.000000
0.988053 -0.056690 0.143308 0.249218 -0.001107 0.927251 0.374438 82.190536 -0.154109 -0.370124 0.916111 -35.720600 0.000000 0.000000 0.000000 1.000000
0.982133 -0.004407 0.188136 0.635977 -0.057724 0.944478 0.323463 81.627197 -0.179116 -0.328544 0.927349 -40.221935 0.000000 0.000000 0.000000 1.000000
0.969727 0.036253 0.241484 0.781312 -0.100588 0.960423 0.259748 81.089859 -0.222510 -0.276175 0.934996 -45.481884 0.000000 0.000000 0.000000 1.000000
0.970227 0.067760 0.232524 0.241741 -0.124506 0.963036 0.238874 81.482658 -0.207743 -0.260712 0.942800 -50.801949 0.000000 0.000000 0.000000 1.000000
0.984272 0.092404 0.150569 -0.002721 -0.127971 0.960506 0.247088 82.673569 -0.121791 -0.262470 0.957223 -55.511292 0.000000 0.000000 0.000000 1.000000
0.992386 0.114580 0.045174 0.199924 -0.122133 0.962843 0.240866 83.892265 -0.015897 -0.244549 0.969507 -59.210804 0.000000 0.000000 0.000000 1.000000
0.990579 0.130949 -0.040075 0.423381 -0.117684 0.963645 0.239873 84.343819 0.070029 -0.232896 0.969977 -62.196224 0.000000 0.000000 0.000000 1.000000
0.986063 0.136705 -0.094821 0.262066 -0.107645 0.958800 0.262898 84.307404 0.126854 -0.249027 0.960153 -64.670959 0.000000 0.000000 0.000000 1.000000
0.981956 0.137465 -0.129867 -0.169112 -0.093680 0.950148 0.297394 84.112808 0.164274 -0.279862 0.945881 -66.750679 0.000000 0.000000 0.000000 1.000000
0.977431 0.143514 -0.155025 -0.607239 -0.085071 0.939087 0.332983 83.539795 0.193370 -0.312280 0.930102 -68.392426 0.000000 0.000000 0.000000 1.000000
0.973661 0.148734 -0.172806 -1.064873 -0.077214 0.928240 0.363879 82.826149 0.214527 -0.340951 0.915276 -69.503937 0.000000 0.000000 0.000000 1.000000
0.972039 0.130316 -0.195338 -1.856476 -0.047678 0.924077 0.379221 82.100250 0.229926 -0.359305 0.904452 -69.847488 0.000000 0.000000 0.000000 1.000000
0.965787 0.098990 -0.239702 -2.985510 0.002961 0.920016 0.391870 80.837410 0.259321 -0.379172 0.888246 -70.257118 0.000000 0.000000 0.000000 1.000000
0.953088 0.117356 -0.279019 -2.643203 0.021367 0.893400 0.448753 80.443352 0.301940 -0.433662 0.848981 -71.358345 0.000000 0.000000 0.000000 1.000000
0.948991 0.171448 -0.264616 -1.971087 -0.001478 0.841654 0.540016 79.987289 0.315299 -0.512079 0.798975 -72.257843 0.000000 0.000000 0.000000 1.000000
0.959177 0.182719 -0.215856 -1.851569 -0.017617 0.800383 0.599230 79.793007 0.282259 -0.570964 0.770928 -72.739555 0.000000 0.000000 0.000000 1.000000
0.970290 0.150458 -0.189475 -2.341835 -0.003625 0.792079 0.610407 79.219894 0.241920 -0.591585 0.769092 -72.942291 0.000000 0.000000 0.000000 1.000000
0.971906 0.134376 -0.193240 -2.491703 0.018616 0.774552 0.632237 78.357941 0.234632 -0.618072 0.750290 -73.475975 0.000000 0.000000 0.000000 1.000000
0.966313 0.149709 -0.209347 -2.235530 0.035938 0.726953 0.685746 76.984497 0.254848 -0.670169 0.697084 -74.540611 0.000000 0.000000 0.000000 1.000000
0.961741 0.158067 -0.223761 -2.156891 0.059082 0.677878 0.732796 75.211166 0.267514 -0.717980 0.642605 -75.843697 0.000000 0.000000 0.000000 1.000000
0.961413 0.148670 -0.231480 -2.471073 0.085383 0.638614 0.764776 72.980484 0.261525 -0.755030 0.601278 -77.297409 0.000000 0.000000 0.000000 1.000000
0.960152 0.143368 -0.239903 -2.879097 0.111351 0.591081 0.798889 70.083176 0.256337 -0.793769 0.551564 -79.046295 0.000000 0.000000 0.000000 1.000000
0.953276 0.153216 -0.260363 -3.201711 0.141293 0.535650 0.832536 66.407890 0.267022 -0.830424 0.488974 -81.092484 0.000000 0.000000 0.000000 1.000000
0.939568 0.172310 -0.295842 -3.544089 0.181164 0.482996 0.856676 61.949490 0.290504 -0.858501 0.422592 -83.307953 0.000000 0.000000 0.000000 1.000000
0.919108 0.195201 -0.342253 -4.038759 0.231100 0.436458 0.869539 56.752869 0.319114 -0.878294 0.356041 -85.597969 0.000000 0.000000 0.000000 1.000000
0.894883 0.221373 -0.387529 -4.691270 0.281763 0.393157 0.875235 50.827240 0.346114 -0.892425 0.289454 -87.943703 0.000000 0.000000 0.000000 1.000000
0.869117 0.255626 -0.423428 -5.331882 0.326827 0.345751 0.879568 44.188499 0.371241 -0.902835 0.216953 -90.325844 0.000000 0.000000 0.000000 1.000000
0.845871 0.299678 -0.441242 -5.805568 0.360788 0.287827 0.887123 36.793831 0.392853 -0.909587 0.135344 -92.584419 0.000000 0.000000 0.000000 1.000000
0.826531 0.344462 -0.445188 -6.354308 0.390080 0.219676 0.894192 28.414097 0.405812 -0.912737 0.047201 -94.556465 0.000000 0.000000 0.000000 1.000000
0.806558 0.378836 -0.453815 -7.326086 0.438298 0.131912 0.889098 19.371357 0.396686 -0.916015 -0.059649 -96.447006 0.000000 0.000000 0.000000 1.000000
0.798547 0.404908 -0.445390 -8.357137 0.483405 0.009505 0.875345 12.565247 0.358668 -0.914308 -0.188144 -97.986145 0.000000 0.000000 0.000000 1.000000
0.812602 0.424992 -0.398822 -9.044336 0.474833 -0.085966 0.875867 11.744752 0.337951 -0.901106 -0.271656 -99.136551 0.000000 0.000000 0.000000 1.000000
0.807511 0.445331 -0.386789 -10.292446 0.473493 -0.098350 0.875289 14.511804 0.351753 -0.889948 -0.290280 -100.665993 0.000000 0.000000 0.000000 1.000000
0.756520 0.464489 -0.460356 -11.612429 0.557544 -0.090189 0.825233 16.663275 0.341793 -0.880974 -0.327203 -102.641754 0.000000 0.000000 0.000000 1.000000
0.689140 0.488066 -0.535610 -11.877672 0.653883 -0.100299 0.749918 17.913363 0.312288 -0.867024 -0.388258 -104.791718 0.000000 0.000000 0.000000 1.000000
0.649860 0.507944 -0.565398 -11.582068 0.694779 -0.095394 0.712869 18.969738 0.308162 -0.856092 -0.414901 -106.911995 0.000000 0.000000 0.000000 1.000000
0.638937 0.519620 -0.567234 -11.390388 0.694780 -0.073277 0.715480 19.446522 0.330213 -0.851249 -0.407841 -108.346939 0.000000 0.000000 0.000000 1.000000
0.648756 0.537223 -0.538986 -11.606155 0.671300 -0.070414 0.737834 19.314384 0.358429 -0.840496 -0.406319 -108.867226 0.000000 0.000000 0.000000 1.000000
0.669684 0.553496 -0.495141 -11.649591 0.639469 -0.090752 0.763442 18.649818 0.377627 -0.827892 -0.414719 -109.138390 0.000000 0.000000 0.000000 1.000000
0.689791 0.564109 -0.453839 -11.504762 0.610566 -0.116359 0.783370 17.497747 0.389098 -0.817460 -0.424690 -109.064484 0.000000 0.000000 0.000000 1.000000
0.710516 0.572878 -0.408628 -11.272801 0.573267 -0.134476 0.808258 16.158432 0.408083 -0.808533 -0.423960 -108.646042 0.000000 0.000000 0.000000 1.000000
0.728945 0.581521 -0.361210 -10.993933 0.524632 -0.135582 0.840463 15.202785 0.439774 -0.802154 -0.403916 -108.043221 0.000000 0.000000 0.000000 1.000000
0.733895 0.593406 -0.330556 -10.658654 0.486094 -0.118895 0.865781 14.984348 0.474458 -0.796074 -0.375707 -107.433029 0.000000 0.000000 0.000000 1.000000
0.727926 0.606221 -0.320344 -10.246882 0.466760 -0.095889 0.879170 15.241122 0.502254 -0.789495 -0.352760 -106.939117 0.000000 0.000000 0.000000 1.000000
0.717959 0.616638 -0.322944 -9.979515 0.462443 -0.075774 0.883405 15.542695 0.520270 -0.783592 -0.339562 -106.399338 0.000000 0.000000 0.000000 1.000000
0.704140 0.625999 -0.335130 -9.949160 0.469596 -0.056531 0.881070 15.891419 0.532603 -0.777772 -0.333772 -105.922295 0.000000 0.000000 0.000000 1.000000
0.686391 0.634778 -0.354858 -10.141706 0.483500 -0.033836 0.874690 16.309471 0.543227 -0.771953 -0.330140 -105.686279 0.000000 0.000000 0.000000 1.000000
0.667892 0.641536 -0.377295 -10.384880 0.498365 -0.008992 0.866921 16.670952 0.552768 -0.767040 -0.325725 -105.544449 0.000000 0.000000 0.000000 1.000000
0.651707 0.646831 -0.396089 -10.600870 0.511108 0.011320 0.859442 16.892712 0.560398 -0.762549 -0.323223 -105.461479 0.000000 0.000000 0.000000 1.000000
0.638615 0.652187 -0.408439 -10.888087 0.522621 0.022005 0.852281 16.969601 0.564835 -0.757738 -0.326794 -105.445320 0.000000 0.000000 0.000000 1.000000
0.628829 0.656890 -0.416017 -11.220676 0.533672 0.024489 0.845337 16.938372 0.565481 -0.753589 -0.335164 -105.479996 0.000000 0.000000 0.000000 1.000000
0.622991 0.659394 -0.420811 -11.494370 0.543125 0.022514 0.839350 16.863852 0.562936 -0.751461 -0.344107 -105.574158 0.000000 0.000000 0.000000 1.000000
0.621653 0.659779 -0.422185 -11.640426 0.549489 0.016783 0.835332 16.785553 0.558220 -0.751273 -0.352108 -105.711655 0.000000 0.000000 0.000000 1.000000
0.624894 0.658558 -0.419297 -11.653880 0.551676 0.007539 0.834025 16.711378 0.552414 -0.752493 -0.358599 -105.842934 0.000000 0.000000 0.000000 1.000000
0.631202 0.656396 -0.413192 -11.526677 0.549711 -0.002771 0.835350 16.634533 0.547176 -0.754411 -0.362578 -105.940498 0.000000 0.000000 0.000000 1.000000
0.638723 0.653991 -0.405375 -11.249589 0.544507 -0.011946 0.838671 16.532749 0.543641 -0.756408 -0.363732 -105.999458 0.000000 0.000000 0.000000 1.000000
0.647372 0.650987 -0.396390 -10.897600 0.536463 -0.019754 0.843693 16.391363 0.541403 -0.758832 -0.362018 -106.019112 0.000000 0.000000 0.000000 1.000000
0.657177 0.647477 -0.385866 -10.605038 0.525805 -0.027017 0.850176 16.228142 0.540045 -0.761606 -0.358201 -105.994339 0.000000 0.000000 0.000000 1.000000
0.666350 0.644634 -0.374734 -10.399909 0.514396 -0.033601 0.856894 16.087280 0.539792 -0.763753 -0.353987 -105.937828 0.000000 0.000000 0.000000 1.000000
0.673011 0.643161 -0.365240 -10.219648 0.504766 -0.038452 0.862399 16.012339 0.540618 -0.764765 -0.350524 -105.879097 0.000000 0.000000 0.000000 1.000000
0.676471 0.642710 -0.359599 -10.084984 0.498791 -0.040590 0.865771 15.988033 0.541844 -0.765034 -0.348035 -105.835632 0.000000 0.000000 0.000000 1.000000
0.676506 0.643058 -0.358909 -10.033382 0.497504 -0.039735 0.866551 16.000221 0.542981 -0.764786 -0.346805 -105.814613 0.000000 0.000000 0.000000 1.000000
0.673307 0.644363 -0.362567 -10.058446 0.500561 -0.036367 0.864937 16.037680 0.544148 -0.763855 -0.347029 -105.819534 0.000000 0.000000 0.000000 1.000000
0.667861 0.646503 -0.368777 -10.139223 0.506370 -0.031548 0.861739 16.087822 0.545482 -0.762259 -0.348439 -105.847702 0.000000 0.000000 0.000000 1.000000
0.661402 0.648987 -0.375983 -10.257054 0.513246 -0.026081 0.857845 16.143305 0.546925 -0.760352 -0.350340 -105.887794 0.000000 0.000000 0.000000 1.000000
0.654888 0.651342 -0.383243 -10.390356 0.520024 -0.020424 0.853907 16.198969 0.548358 -0.758509 -0.352089 -105.928078 0.000000 0.000000 0.000000 1.000000</float_array><technique_common><accessor source="#Hips-Matrix-animation-output-transform-array" count="90" stride="16"><param type="float4x4"/></accessor></technique_common></source><source id="Hips-Interpolations"><Name_array id="Hips-Interpolations-array" count="90">
 LINEAR LINEAR LINEAR LINEAR LINEAR LINEAR LINEAR LINEAR LINEAR LINEAR LINEAR
LINEAR LINEAR LINEAR LINEAR LINEAR LINEAR LINEAR LINEAR LINEAR LINEAR LINEAR LINEAR
LINEAR LINEAR LINEAR LINEAR LINEAR LINEAR LINEAR LINEAR LINEAR LINEAR LINEAR LINEAR
LINEAR LINEAR LINEAR LINEAR LINEAR LINEAR LINEAR LINEAR LINEAR LINEAR LINEAR LINEAR
LINEAR LINEAR LINEAR LINEAR LINEAR LINEAR LINEAR LINEAR LINEAR LINEAR LINEAR LINEAR
LINEAR LINEAR LINEAR LINEAR LINEAR LINEAR LINEAR LINEAR LINEAR LINEAR LINEAR LINEAR
LINEAR LINEAR LINEAR LINEAR LINEAR LINEAR LINEAR LINEAR LINEAR LINEAR LINEAR LINEAR
LINEAR LINEAR LINEAR LINEAR LINEAR LINEAR LINEAR</Name_array><technique_common><accessor source="#Hips-Interpolations-array" count="90"><param type="name"/></accessor></technique_common></source><sampler id="Hips-Matrix-animation-transform"><input semantic="INPUT" source="#Hips-Matrix-animation-input"/><input semantic="OUTPUT" source="#Hips-Matrix-animation-output-transform"/><input semantic="INTERPOLATION" source="#Hips-Interpolations"/></sampler><channel source="#Hips-Matrix-animation-transform" target="Hips/matrix"/></animation>
    <animation id="Spine-anim" name="Spine"><source id="Spine-Matrix-animation-input"><float_array id="Spine-Matrix-animation-input-array" count="90">

0.000000 0.033333 0.066667 0.100000 0.133333 0.166667 0.200000 0.233333 0.266667 0.300000 0.333333 0.366667 0.400000 0.433333 0.466667 0.500000
0.533333 0.566667 0.600000 0.633333 0.666667 0.700000 0.733333 0.766667 0.800000 0.833333 0.866667 0.900000 0.933333 0.966667 1.000000 1.033333
1.066667 1.100000 1.133333 1.166667 1.200000 1.233333 1.266667 1.300000 1.333333 1.366667 1.400000 1.433333 1.466667 1.500000 1.533333 1.566667
1.600000 1.633333 1.666667 1.700000 1.733333 1.766667 1.800000 1.833333 1.866667 1.900000 1.933333 1.966667 2.000000 2.033333 2.066667 2.100000
2.133333 2.166667 2.200000 2.233333 2.266667 2.300000 2.333333 2.366667 2.400000 2.433333 2.466667 2.500000 2.533333 2.566667 2.600000 2.633333
2.666667 2.700000 2.733333 2.766667 2.800000 2.833333 2.866667 2.900000 2.933333 2.966667</float_array><technique_common><accessor source="#Spine-Matrix-animation-input-array" count="90"><param name="TIME" type="float"/></accessor></technique_common></source><source id="Spine-Matrix-animation-output-transform"><float_array id="Spine-Matrix-animation-output-transform-array" count="1440">

0.999410 -0.032884 -0.009950 0.000000 0.032441 0.998599 -0.041808 13.315500 0.011311 0.041460 0.999076 0.589700 0.000000 0.000000 0.000000 1.000000
0.999565 -0.028084 -0.008983 0.000000 0.027998 0.999563 -0.009499 13.315500 0.009246 0.009243 0.999915 0.589700 0.000000 0.000000 0.000000 1.000000
0.999668 -0.021415 -0.014307 -0.000000 0.021583 0.999699 0.011690 13.315500 0.014053 -0.011995 0.999829 0.589700 0.000000 0.000000 0.000000 1.000000
0.999654 -0.013759 -0.022411 0.000000 0.014434 0.999439 0.030235 13.315500 0.021982 -0.030548 0.999292 0.589700 0.000000 0.000000 0.000000 1.000000
0.999806 -0.009501 -0.017275 0.000000 0.010498 0.998229 0.058555 13.315500 0.016688 -0.058725 0.998135 0.589700 0.000000 0.000000 0.000000 1.000000
0.999886 -0.005774 0.013951 0.000000 0.004464 0.995731 0.092199 13.315500 -0.014424 -0.092126 0.995643 0.589700 0.000000 0.000000 0.000000 1.000000
0.997600 0.007161 0.068874 -0.000000 -0.015228 0.992976 0.117332 13.315500 -0.067550 -0.118099 0.990702 0.589700 0.000000 0.000000 0.000000 1.000000
0.990716 0.033224 0.131824 0.000000 -0.050509 0.990223 0.130027 13.315500 -0.126216 -0.135479 0.982708 0.589700 0.000000 0.000000 0.000000 1.000000
0.981062 0.066017 0.182097 -0.000000 -0.091625 0.986462 0.136008 13.315500 -0.170652 -0.150117 0.973829 0.589700 0.000000 0.000000 0.000000 1.000000
0.973732 0.096678 0.206151 0.000000 -0.126858 0.982192 0.138582 13.315500 -0.189082 -0.161094 0.968657 0.589700 0.000000 0.000000 0.000000 1.000000
0.971148 0.119529 0.206359 0.000000 -0.149776 0.979077 0.137754 13.315500 -0.185575 -0.164687 0.968731 0.589700 0.000000 0.000000 0.000000 1.000000
0.972728 0.129129 0.192683 0.000000 -0.156496 0.978508 0.134281 13.315500 -0.171203 -0.160773 0.972030 0.589700 0.000000 0.000000 0.000000 1.000000
0.978350 0.118708 0.169528 -0.000000 -0.140563 0.982362 0.123318 13.315500 -0.151899 -0.144478 0.977780 0.589700 0.000000 0.000000 0.000000 1.000000
0.985982 0.087498 0.142072 0.000000 -0.101834 0.990063 0.096979 13.315500 -0.132174 -0.110088 0.985094 0.589700 0.000000 0.000000 0.000000 1.000000
0.991151 0.047849 0.123819 -0.000000 -0.055462 0.996729 0.058783 13.315500 -0.120601 -0.065130 0.990562 0.589700 0.000000 0.000000 0.000000 1.000000
0.992467 0.013759 0.121735 -0.000000 -0.016331 0.999663 0.020162 13.315500 -0.121417 -0.021998 0.992358 0.589700 0.000000 0.000000 0.000000 1.000000
0.991921 -0.015447 0.125910 0.000000 0.017964 0.999660 -0.018875 13.315500 -0.125576 0.020984 0.991862 0.589700 0.000000 0.000000 0.000000 1.000000
0.990955 -0.047459 0.125523 0.000000 0.056048 0.996257 -0.065803 13.315500 -0.121930 0.072243 0.989906 0.589700 0.000000 0.000000 0.000000 1.000000
0.989472 -0.071396 0.125886 0.000000 0.086322 0.989326 -0.117398 13.315500 -0.116161 0.127029 0.985074 0.589700 0.000000 0.000000 0.000000 1.000000
0.989084 -0.063492 0.132970 0.000000 0.084794 0.983267 -0.161232 13.315500 -0.120508 0.170747 0.977918 0.589700 0.000000 0.000000 0.000000 1.000000
0.989899 -0.020533 0.140279 0.000000 0.046880 0.981203 -0.187199 13.315500 -0.133798 0.191884 0.972254 0.589700 0.000000 0.000000 0.000000 1.000000
0.990187 0.028606 0.136788 0.000000 -0.002629 0.982465 -0.186426 13.315500 -0.139723 0.184237 0.972900 0.589700 0.000000 0.000000 0.000000 1.000000
0.992090 0.051891 0.114300 0.000000 -0.033415 0.986874 -0.157998 13.315500 -0.120998 0.152929 0.980802 0.589700 0.000000 0.000000 0.000000 1.000000
0.996776 0.046578 0.065335 0.000000 -0.038313 0.991729 -0.122498 13.315500 -0.070500 0.119600 0.990316 0.589700 0.000000 0.000000 0.000000 1.000000
0.999284 0.035004 -0.014381 0.000000 -0.036300 0.994042 -0.102779 13.315500 0.010698 0.103227 0.994600 0.589700 0.000000 0.000000 0.000000 1.000000
0.993111 0.035892 -0.111544 -0.000000 -0.048069 0.992937 -0.108471 13.315500 0.106863 0.113085 0.987822 0.589700 0.000000 0.000000 0.000000 1.000000
0.981803 0.052292 -0.182561 0.000000 -0.080712 0.985095 -0.151901 13.315500 0.171897 0.163872 0.971389 0.589700 0.000000 0.000000 0.000000 1.000000
0.978153 0.084232 -0.190059 0.000000 -0.127320 0.965445 -0.227390 13.315500 0.164338 0.246620 0.955077 0.589700 0.000000 0.000000 0.000000 1.000000
0.979583 0.126599 -0.156174 -0.000000 -0.168059 0.941993 -0.290526 13.315500 0.110335 0.310841 0.944036 0.589700 0.000000 0.000000 0.000000 1.000000
0.980041 0.152710 -0.127273 -0.000000 -0.185825 0.931193 -0.313605 13.315500 0.070625 0.330996 0.940985 0.589700 0.000000 0.000000 0.000000 1.000000
0.982002 0.152264 -0.111752 -0.000000 -0.180707 0.929531 -0.321430 13.315500 0.054935 0.335839 0.940316 0.589700 0.000000 0.000000 0.000000 1.000000
0.985595 0.142083 -0.091737 0.000000 -0.164847 0.928294 -0.333311 13.315500 0.037801 0.343632 0.938343 0.589700 0.000000 0.000000 0.000000 1.000000
0.989930 0.123241 -0.069642 0.000000 -0.139570 0.931886 -0.334828 13.315500 0.023634 0.341176 0.939702 0.589700 0.000000 0.000000 0.000000 1.000000
0.994425 0.082512 -0.065660 -0.000000 -0.098990 0.945032 -0.311633 13.315500 0.036338 0.316395 0.947931 0.589700 0.000000 0.000000 0.000000 1.000000
0.995743 0.036579 -0.084609 -0.000000 -0.057101 0.965344 -0.254657 13.315500 0.072362 0.258404 0.963323 0.589700 0.000000 0.000000 0.000000 1.000000
0.994252 0.022677 -0.104637 -0.000000 -0.039702 0.985725 -0.163612 13.315500 0.099433 0.166826 0.980960 0.589700 0.000000 0.000000 0.000000 1.000000
0.993962 0.024968 -0.106845 0.000000 -0.034265 0.995698 -0.086087 13.315500 0.104236 0.089229 0.990542 0.589700 0.000000 0.000000 0.000000 1.000000
0.992583 -0.010938 -0.121072 0.000000 0.001901 0.997219 -0.074505 13.315500 0.121550 0.073722 0.989844 0.589700 0.000000 0.000000 0.000000 1.000000
0.982206 -0.071744 -0.173563 0.000000 0.056281 0.994127 -0.092435 13.315500 0.179175 0.081022 0.980475 0.589700 0.000000 0.000000 0.000000 1.000000
0.965291 -0.093916 -0.243708 0.000000 0.082296 0.994951 -0.057453 13.315500 0.247873 0.035403 0.968146 0.589700 0.000000 0.000000 0.000000 1.000000
0.953434 -0.068754 -0.293660 0.000000 0.082066 0.996072 0.033239 13.315500 0.290222 -0.055791 0.955332 0.589700 0.000000 0.000000 0.000000 1.000000
0.946202 -0.056280 -0.318646 0.000000 0.092034 0.990894 0.098277 13.315500 0.310214 -0.122316 0.942765 0.589700 0.000000 0.000000 0.000000 1.000000
0.938909 -0.073685 -0.336185 -0.000000 0.117437 0.986778 0.111700 13.315500 0.323509 -0.144356 0.935149 0.589700 0.000000 0.000000 0.000000 1.000000
0.933895 -0.083815 -0.347585 0.000000 0.134759 0.982957 0.125046 13.315500 0.331180 -0.163620 0.929273 0.589700 0.000000 0.000000 0.000000 1.000000
0.933858 -0.069994 -0.350728 0.000000 0.133810 0.977817 0.161146 13.315500 0.331668 -0.197418 0.922509 0.589700 0.000000 0.000000 0.000000 1.000000
0.936864 -0.052500 -0.345730 0.000000 0.125070 0.973575 0.191076 13.315500 0.326562 -0.222253 0.918673 0.589700 0.000000 0.000000 0.000000 1.000000
0.941366 -0.047474 -0.334031 -0.000000 0.119723 0.972625 0.199168 13.315500 0.315432 -0.227481 0.921279 0.589700 0.000000 0.000000 0.000000 1.000000
0.947484 -0.050841 -0.315737 0.000000 0.118386 0.972904 0.198600 13.315500 0.297085 -0.225550 0.927830 0.589700 0.000000 0.000000 0.000000 1.000000
0.954344 -0.054523 -0.293691 0.000000 0.117130 0.972766 0.200018 13.315500 0.274787 -0.225286 0.934740 0.589700 0.000000 0.000000 0.000000 1.000000
0.960411 -0.057652 -0.272556 0.000000 0.115036 0.973119 0.199516 13.315500 0.253726 -0.222971 0.941226 0.589700 0.000000 0.000000 0.000000 1.000000
0.966129 -0.064669 -0.249826 0.000000 0.113442 0.975966 0.186070 13.315500 0.231788 -0.208109 0.950245 0.589700 0.000000 0.000000 0.000000 1.000000
0.973175 -0.074805 -0.217564 0.000000 0.109317 0.982442 0.151186 13.315500 0.202435 -0.170913 0.964266 0.589700 0.000000 0.000000 0.000000 1.000000
0.981422 -0.075784 -0.176263 0.000000 0.093239 0.991296 0.092944 13.315500 0.167685 -0.107652 0.979945 0.589700 0.000000 0.000000 0.000000 1.000000
0.989732 -0.061233 -0.129155 0.000000 0.063059 0.997959 0.010094 13.315500 0.128274 -0.018134 0.991573 0.589700 0.000000 0.000000 0.000000 1.000000
0.997435 -0.043898 -0.056532 0.000000 0.039058 0.995697 -0.084035 13.315500 0.059978 0.081611 0.994858 0.589700 0.000000 0.000000 0.000000 1.000000
0.998649 -0.019128 0.048314 0.000000 0.025548 0.990381 -0.135985 13.315500 -0.045248 0.137035 0.989532 0.589700 0.000000 0.000000 0.000000 1.000000
0.990926 0.018586 0.133119 -0.000000 -0.004532 0.994451 -0.105107 13.315500 -0.134333 0.103550 0.985511 0.589700 0.000000 0.000000 0.000000 1.000000
0.983561 0.045593 0.174727 0.000000 -0.041091 0.998726 -0.029300 13.315500 -0.175840 0.021639 0.984181 0.589700 0.000000 0.000000 0.000000 1.000000
0.977948 0.032546 0.206298 -0.000000 -0.040325 0.998621 0.033615 13.315500 -0.204919 -0.041193 0.977912 0.589700 0.000000 0.000000 0.000000 1.000000
0.972288 -0.008455 0.233634 0.000000 -0.008532 0.997397 0.071599 13.315500 -0.233631 -0.071609 0.969685 0.589700 0.000000 0.000000 0.000000 1.000000
0.970244 -0.034582 0.239647 0.000000 0.015313 0.996530 0.081809 13.315500 -0.241644 -0.075705 0.967407 0.589700 0.000000 0.000000 0.000000 1.000000
0.972437 -0.030691 0.231139 0.000000 0.018160 0.998257 0.056149 13.315500 -0.232459 -0.050404 0.971299 0.589700 0.000000 0.000000 0.000000 1.000000
0.973156 -0.014617 0.229682 0.000000 0.013045 0.999880 0.008363 13.315500 -0.229777 -0.005143 0.973230 0.589700 0.000000 0.000000 0.000000 1.000000
0.970743 0.001532 0.240114 0.000000 0.008722 0.999095 -0.041635 13.315500 -0.239961 0.042511 0.969851 0.589700 0.000000 0.000000 0.000000 1.000000
0.969063 0.009560 0.246629 0.000000 0.010883 0.996622 -0.081396 13.315500 -0.246574 0.081562 0.965686 0.589700 0.000000 0.000000 0.000000 1.000000
0.970413 0.003515 0.241425 0.000000 0.021322 0.994740 -0.100187 13.315500 -0.240507 0.102370 0.965234 0.589700 0.000000 0.000000 0.000000 1.000000
0.971680 -0.014963 0.235826 0.000000 0.038059 0.994873 -0.093692 13.315500 -0.233216 0.100014 0.967268 0.589700 0.000000 0.000000 0.000000 1.000000
0.971115 -0.038446 0.235494 0.000000 0.057026 0.995730 -0.072599 13.315500 -0.231697 0.083931 0.969160 0.589700 0.000000 0.000000 0.000000 1.000000
0.970184 -0.060805 0.234620 0.000000 0.074642 0.995929 -0.050543 13.315500 -0.230592 0.066548 0.970772 0.589700 0.000000 0.000000 0.000000 1.000000
0.970062 -0.080713 0.229053 0.000000 0.089590 0.995568 -0.028606 13.315500 -0.225729 0.048270 0.972994 0.589700 0.000000 0.000000 0.000000 1.000000
0.970552 -0.098979 0.219619 0.000000 0.102098 0.994770 -0.002869 13.315500 -0.218187 0.025207 0.975581 0.589700 0.000000 0.000000 0.000000 1.000000
0.971094 -0.115609 0.208832 0.000000 0.113306 0.993294 0.022998 13.315500 -0.210090 0.001328 0.977681 0.589700 0.000000 0.000000 0.000000 1.000000
0.971332 -0.127852 0.200417 0.000000 0.122033 0.991672 0.041173 13.315500 -0.204012 -0.015535 0.978845 0.589700 0.000000 0.000000 0.000000 1.000000
0.971217 -0.132228 0.198123 0.000000 0.124979 0.990963 0.048714 13.315500 -0.202774 -0.022551 0.978966 0.589700 0.000000 0.000000 0.000000 1.000000
0.970826 -0.129575 0.201758 0.000000 0.122148 0.991307 0.048888 13.315500 -0.206339 -0.022817 0.978214 0.589700 0.000000 0.000000 0.000000 1.000000
0.970322 -0.124706 0.207180 0.000000 0.117615 0.991982 0.046247 13.315500 -0.211286 -0.020507 0.977209 0.589700 0.000000 0.000000 0.000000 1.000000
0.969849 -0.120325 0.211930 0.000000 0.113778 0.992581 0.042867 13.315500 -0.215515 -0.017462 0.976344 0.589700 0.000000 0.000000 0.000000 1.000000
0.969014 -0.115962 0.218091 -0.000000 0.110110 0.993160 0.038839 13.315500 -0.221103 -0.013622 0.975155 0.589700 0.000000 0.000000 0.000000 1.000000
0.967294 -0.112336 0.227427 0.000000 0.107504 0.993638 0.033564 13.315500 -0.229750 -0.008017 0.973217 0.589700 0.000000 0.000000 0.000000 1.000000
0.965284 -0.110509 0.236673 0.000000 0.107362 0.993875 0.026187 13.315500 -0.238118 0.000132 0.971236 0.589700 0.000000 0.000000 0.000000 1.000000
0.964587 -0.108756 0.240299 0.000000 0.107901 0.994020 0.016757 13.315500 -0.240685 0.009765 0.970554 0.589700 0.000000 0.000000 0.000000 1.000000
0.965722 -0.105415 0.237212 0.000000 0.106841 0.994252 0.006872 13.315500 -0.236573 0.018708 0.971434 0.589700 0.000000 0.000000 0.000000 1.000000
0.967254 -0.102026 0.232402 0.000000 0.105217 0.994448 -0.001344 13.315500 -0.230975 0.025753 0.972619 0.589700 0.000000 0.000000 0.000000 1.000000
0.967823 -0.100783 0.230567 0.000000 0.105116 0.994438 -0.006551 13.315500 -0.228625 0.030577 0.973034 0.589700 0.000000 0.000000 0.000000 1.000000
0.967576 -0.101608 0.231242 -0.000000 0.106420 0.994286 -0.008398 13.315500 -0.229067 0.032734 0.972860 0.589700 0.000000 0.000000 0.000000 1.000000
0.967490 -0.103517 0.230754 0.000000 0.108115 0.994111 -0.007334 13.315500 -0.228636 0.032043 0.972984 0.589700 0.000000 0.000000 0.000000 1.000000
0.967804 -0.106115 0.228244 0.000000 0.109964 0.993927 -0.004177 13.315500 -0.226414 0.029141 0.973595 0.589700 0.000000 0.000000 0.000000 1.000000
0.967567 -0.109112 0.227835 -0.000000 0.111947 0.993714 0.000482 13.315500 -0.226455 0.025039 0.973700 0.589700 0.000000 0.000000 0.000000 1.000000
0.966199 -0.112158 0.232123 0.000000 0.113837 0.993480 0.006191 13.315500 -0.231303 0.020443 0.972667 0.589700 0.000000 0.000000 0.000000 1.000000
0.964255 -0.115117 0.238665 0.000000 0.115519 0.993228 0.012349 13.315500 -0.238470 0.015663 0.971023 0.589700 0.000000 0.000000 0.000000 1.000000</float_array><technique_common><accessor source="#Spine-Matrix-animation-output-transform-array" count="90" stride="16"><param type="float4x4"/></accessor></technique_common></source><source id="Spine-Interpolations"><Name_array id="Spine-Interpolations-array" count="90">
 LINEAR LINEAR LINEAR LINEAR LINEAR LINEAR LINEAR LINEAR LINEAR LINEAR LINEAR
LINEAR LINEAR LINEAR LINEAR LINEAR LINEAR LINEAR LINEAR LINEAR LINEAR LINEAR LINEAR
LINEAR LINEAR LINEAR LINEAR LINEAR LINEAR LINEAR LINEAR LINEAR LINEAR LINEAR LINEAR
LINEAR LINEAR LINEAR LINEAR LINEAR LINEAR LINEAR LINEAR LINEAR LINEAR LINEAR LINEAR
LINEAR LINEAR LINEAR LINEAR LINEAR LINEAR LINEAR LINEAR LINEAR LINEAR LINEAR LINEAR
LINEAR LINEAR LINEAR LINEAR LINEAR LINEAR LINEAR LINEAR LINEAR LINEAR LINEAR LINEAR
LINEAR LINEAR LINEAR LINEAR LINEAR LINEAR LINEAR LINEAR LINEAR LINEAR LINEAR LINEAR
LINEAR LINEAR LINEAR LINEAR LINEAR LINEAR LINEAR</Name_array><technique_common><accessor source="#Spine-Interpolations-array" count="90"><param type="name"/></accessor></technique_common></source><sampler id="Spine-Matrix-animation-transform"><input semantic="INPUT" source="#Spine-Matrix-animation-input"/><input semantic="OUTPUT" source="#Spine-Matrix-animation-output-transform"/><input semantic="INTERPOLATION" source="#Spine-Interpolations"/></sampler><channel source="#Spine-Matrix-animation-transform" target="Spine/matrix"/></animation>
    <animation id="Spine1-anim" name="Spine1"><source id="Spine1-Matrix-animation-input"><float_array id="Spine1-Matrix-animation-input-array" count="90">

0.000000 0.033333 0.066667 0.100000 0.133333 0.166667 0.200000 0.233333 0.266667 0.300000 0.333333 0.366667 0.400000 0.433333 0.466667 0.500000
0.533333 0.566667 0.600000 0.633333 0.666667 0.700000 0.733333 0.766667 0.800000 0.833333 0.866667 0.900000 0.933333 0.966667 1.000000 1.033333
1.066667 1.100000 1.133333 1.166667 1.200000 1.233333 1.266667 1.300000 1.333333 1.366667 1.400000 1.433333 1.466667 1.500000 1.533333 1.566667
1.600000 1.633333 1.666667 1.700000 1.733333 1.766667 1.800000 1.833333 1.866667 1.900000 1.933333 1.966667 2.000000 2.033333 2.066667 2.100000
2.133333 2.166667 2.200000 2.233333 2.266667 2.300000 2.333333 2.366667 2.400000 2.433333 2.466667 2.500000 2.533333 2.566667 2.600000 2.633333
2.666667 2.700000 2.733333 2.766667 2.800000 2.833333 2.866667 2.900000 2.933333 2.966667</float_array><technique_common><accessor source="#Spine1-Matrix-animation-input-array" count="90"><param name="TIME" type="float"/></accessor></technique_common></source><source id="Spine1-Matrix-animation-output-transform"><float_array id="Spine1-Matrix-animation-output-transform-array" count="1440">

0.999458 -0.025778 -0.020474 0.000000 0.022904 0.991252 -0.129983 12.475400 0.023645 0.129444 0.991305 -0.296600 0.000000 0.000000 0.000000 1.000000
0.999497 -0.025718 -0.018582 -0.000000 0.023293 0.992419 -0.120674 12.475400 0.021544 0.120181 0.992518 -0.296600 0.000000 0.000000 0.000000 1.000000
0.999560 -0.022917 -0.018819 0.000000 0.020724 0.993779 -0.109429 12.475400 0.021209 0.108991 0.993816 -0.296600 0.000000 0.000000 0.000000 1.000000
0.999637 -0.017941 -0.020092 0.000000 0.015906 0.995137 -0.097210 12.475400 0.021738 0.096855 0.995061 -0.296600 0.000000 0.000000 0.000000 1.000000
0.999750 -0.013882 -0.017505 -0.000000 0.012372 0.996423 -0.083594 12.475400 0.018603 0.083357 0.996346 -0.296600 0.000000 0.000000 0.000000 1.000000
0.999914 -0.010846 -0.007399 -0.000000 0.010308 0.997545 -0.069263 12.475400 0.008132 0.069180 0.997571 -0.296600 0.000000 0.000000 0.000000 1.000000
0.999949 -0.004846 0.008817 0.000000 0.005339 0.998377 -0.056704 12.475400 -0.008528 0.056748 0.998352 -0.296600 0.000000 0.000000 0.000000 1.000000
0.999636 0.005772 0.026348 0.000000 -0.004542 0.998907 -0.046511 12.475400 -0.026588 0.046375 0.998570 -0.296600 0.000000 0.000000 0.000000 1.000000
0.999052 0.017298 0.039939 0.000000 -0.015805 0.999175 -0.037408 12.475400 -0.040553 0.036741 0.998502 -0.296600 0.000000 0.000000 0.000000 1.000000
0.998601 0.025050 0.046574 0.000000 -0.023696 0.999287 -0.029407 12.475400 -0.047277 0.028263 0.998482 -0.296600 0.000000 0.000000 0.000000 1.000000
0.998494 0.027470 0.047479 0.000000 -0.026398 0.999386 -0.023054 12.475400 -0.048083 0.021766 0.998606 -0.296600 0.000000 0.000000 0.000000 1.000000
0.998615 0.026051 0.045702 0.000000 -0.025304 0.999538 -0.016832 12.475400 -0.046119 0.015652 0.998813 -0.296600 0.000000 0.000000 0.000000 1.000000
0.998858 0.022239 0.042285 -0.000000 -0.021824 0.999709 -0.010245 12.475400 -0.042501 0.009311 0.999053 -0.296600 0.000000 0.000000 0.000000 1.000000
0.999173 0.015415 0.037624 0.000000 -0.015140 0.999857 -0.007574 12.475400 -0.037736 0.006998 0.999263 -0.296600 0.000000 0.000000 0.000000 1.000000
0.999385 0.006112 0.034519 -0.000000 -0.005726 0.999920 -0.011262 12.475400 -0.034585 0.011058 0.999341 -0.296600 0.000000 0.000000 0.000000 1.000000
0.999385 -0.002336 0.034974 0.000000 0.002969 0.999833 -0.018056 12.475400 -0.034926 0.018149 0.999225 -0.296600 0.000000 0.000000 0.000000 1.000000
0.999309 -0.007819 0.036337 0.000000 0.008739 0.999643 -0.025241 12.475400 -0.036127 0.025541 0.999021 -0.296600 0.000000 0.000000 0.000000 1.000000
0.999297 -0.011259 0.035746 -0.000000 0.012421 0.999396 -0.032450 12.475400 -0.035359 0.032871 0.998834 -0.296600 0.000000 0.000000 0.000000 1.000000
0.999307 -0.013131 0.034843 0.000000 0.014492 0.999130 -0.039113 12.475400 -0.034299 0.039590 0.998627 -0.296600 0.000000 0.000000 0.000000 1.000000
0.999282 -0.010954 0.036278 0.000000 0.012572 0.998922 -0.044684 12.475400 -0.035749 0.045108 0.998342 -0.296600 0.000000 0.000000 0.000000 1.000000
0.999234 -0.002741 0.039044 0.000000 0.004640 0.998806 -0.048637 12.475400 -0.038864 0.048781 0.998053 -0.296600 0.000000 0.000000 0.000000 1.000000
0.999193 0.008935 0.039152 0.000000 -0.006998 0.998758 -0.049331 12.475400 -0.039544 0.049018 0.998015 -0.296600 0.000000 0.000000 0.000000 1.000000
0.999279 0.019139 0.032801 0.000000 -0.017592 0.998749 -0.046814 12.475400 -0.033656 0.046203 0.998365 -0.296600 0.000000 0.000000 0.000000 1.000000
0.999533 0.024527 0.018251 0.000000 -0.023689 0.998715 -0.044813 12.475400 -0.019327 0.044359 0.998829 -0.296600 0.000000 0.000000 0.000000 1.000000
0.999711 0.023646 -0.004444 -0.000000 -0.023823 0.998694 -0.045191 12.475400 0.003370 0.045283 0.998969 -0.296600 0.000000 0.000000 0.000000 1.000000
0.999344 0.018182 -0.031329 0.000000 -0.019616 0.998746 -0.046065 12.475400 0.030452 0.046650 0.998447 -0.296600 0.000000 0.000000 0.000000 1.000000
0.998617 0.014326 -0.050589 0.000000 -0.016857 0.998609 -0.049963 12.475400 0.049802 0.050746 0.997469 -0.296600 0.000000 0.000000 0.000000 1.000000
0.998532 0.016928 -0.051447 0.000000 -0.020093 0.997896 -0.061636 12.475400 0.050295 0.062579 0.996772 -0.296600 0.000000 0.000000 0.000000 1.000000
0.998922 0.023146 -0.040248 0.000000 -0.026140 0.996802 -0.075514 12.475400 0.038372 0.076485 0.996332 -0.296600 0.000000 0.000000 0.000000 1.000000
0.999171 0.025760 -0.031536 0.000000 -0.028268 0.996243 -0.081863 12.475400 0.029308 0.082687 0.996145 -0.296600 0.000000 0.000000 0.000000 1.000000
0.999373 0.022282 -0.027521 0.000000 -0.024489 0.996279 -0.082631 12.475400 0.025578 0.083253 0.996200 -0.296600 0.000000 0.000000 0.000000 1.000000
0.999619 0.015818 -0.022626 0.000000 -0.017689 0.996222 -0.085018 12.475400 0.021195 0.085386 0.996122 -0.296600 0.000000 0.000000 0.000000 1.000000
0.999801 0.009306 -0.017627 0.000000 -0.010826 0.996044 -0.088200 12.475400 0.016736 0.088373 0.995947 -0.296600 0.000000 0.000000 0.000000 1.000000
0.999834 0.003266 -0.017926 0.000000 -0.004824 0.996147 -0.087563 12.475400 0.017571 0.087635 0.995998 -0.296600 0.000000 0.000000 0.000000 1.000000
0.999709 -0.001988 -0.024043 0.000000 0.000029 0.996697 -0.081210 12.475400 0.024125 0.081186 0.996407 -0.296600 0.000000 0.000000 0.000000 1.000000
0.999556 -0.005120 -0.029357 0.000000 0.003087 0.997620 -0.068883 12.475400 0.029640 0.068762 0.997193 -0.296600 0.000000 0.000000 0.000000 1.000000
0.999531 -0.006373 -0.029960 0.000000 0.004687 0.998418 -0.056023 12.475400 0.030270 0.055856 0.997980 -0.296600 0.000000 0.000000 0.000000 1.000000
0.999398 -0.008518 -0.033617 -0.000000 0.006737 0.998585 -0.052741 12.475400 0.034019 0.052483 0.998042 -0.296600 0.000000 0.000000 0.000000 1.000000
0.998749 -0.013019 -0.048278 0.000000 0.010274 0.998339 -0.056689 12.475400 0.048935 0.056122 0.997224 -0.296600 0.000000 0.000000 0.000000 1.000000
0.997556 -0.017866 -0.067542 0.000000 0.014292 0.998490 -0.053036 12.475400 0.068388 0.051941 0.996306 -0.296600 0.000000 0.000000 0.000000 1.000000
