<?xml version="1.0" encoding="utf-8"?>
<COLLADA xmlns="http://www.collada.org/2005/11/COLLADASchema" version="1.4.1">
  <asset><contributor><author>Mixamo</author><authoring_tool>COLLADA Mixamo exporter</authoring_tool><comments></comments></contributor><created>2018-11-02T16:09:30Z</created><modified>2018-11-02T16:09:30Z</modified><revision></revision><title></title><unit meter="0.010000"/><up_axis>Y_UP</up_axis></asset>
  <library_animations>
    <animation id="Hips-anim" name="Hips"><source id="Hips-Matrix-animation-input"><float_array id="Hips-Matrix-animation-input-array" count="121">

0.000000 0.033333 0.066667 0.100000 0.133333 0.166667 0.200000 0.233333 0.266667 0.300000 0.333333 0.366667 0.400000 0.433333 0.466667 0.500000
0.533333 0.566667 0.600000 0.633333 0.666667 0.700000 0.733333 0.766667 0.800000 0.833333 0.866667 0.900000 0.933333 0.966667 1.000000 1.033333
1.066667 1.100000 1.133333 1.166667 1.200000 1.233333 1.266667 1.300000 1.333333 1.366667 1.400000 1.433333 1.466667 1.500000 1.533333 1.566667
1.600000 1.633333 1.666667 1.700000 1.733333 1.766667 1.800000 1.833333 1.866667 1.900000 1.933333 1.966667 2.000000 2.033333 2.066667 2.100000
2.133333 2.166667 2.200000 2.233333 2.266667 2.300000 2.333333 2.366667 2.400000 2.433333 2.466667 2.500000 2.533333 2.566667 2.600000 2.633333
2.666667 2.700000 2.733333 2.766667 2.800000 2.833333 2.866667 2.900000 2.933333 2.966667 3.000000 3.033333 3.066667 3.100000 3.133333 3.166667
3.200000 3.233333 3.266667 3.300000 3.333333 3.366667 3.400000 3.433333 3.466667 3.500000 3.533333 3.566667 3.600000 3.633333 3.666667 3.700000
3.733333 3.766667 3.800000 3.833333 3.866667 3.900000 3.933333 3.966667 4.000000</float_array><technique_common><accessor source="#Hips-Matrix-animation-input-array" count="121"><param name="TIME" type="float"/></accessor></technique_common></source><source id="Hips-Matrix-animation-output-transform"><float_array id="Hips-Matrix-animation-output-transform-array" count="1936">

0.978273 0.011936 -0.206975 -0.020731 -0.045849 0.986077 -0.159843 93.717888 0.202185 0.165859 0.965200 0.488431 0.000000 0.000000 0.000000 1.000000
0.979187 0.008128 -0.202800 -0.190020 -0.042599 0.985172 -0.166198 93.800552 0.198442 0.171378 0.965013 0.641672 0.000000 0.000000 0.000000 1.000000
0.979849 0.005533 -0.199664 -0.332013 -0.040683 0.984190 -0.172380 93.866661 0.195553 0.177029 0.964583 0.787148 0.000000 0.000000 0.000000 1.000000
0.979646 0.004072 -0.200694 -0.389461 -0.040408 0.983329 -0.177287 93.908714 0.196626 0.181788 0.963479 0.927717 0.000000 0.000000 0.000000 1.000000
0.977941 0.002378 -0.208866 -0.304573 -0.040707 0.982933 -0.179403 93.931877 0.204874 0.183948 0.961348 1.075419 0.000000 0.000000 0.000000 1.000000
0.974846 -0.000763 -0.222876 -0.074644 -0.039997 0.983161 -0.178311 93.946220 0.219259 0.182740 0.958400 1.239920 0.000000 0.000000 0.000000 1.000000
0.971507 -0.004790 -0.236963 0.250326 -0.037904 0.983787 -0.175287 93.951675 0.233961 0.179274 0.955575 1.422493 0.000000 0.000000 0.000000 1.000000
0.969380 -0.007885 -0.245438 0.616718 -0.035561 0.984441 -0.172081 93.938354 0.242976 0.175540 0.954017 1.621235 0.000000 0.000000 0.000000 1.000000
0.969049 -0.008757 -0.246714 0.996630 -0.034306 0.984898 -0.169705 93.899399 0.244474 0.172916 0.954113 1.836205 0.000000 0.000000 0.000000 1.000000
0.969884 -0.007610 -0.243450 1.382761 -0.034519 0.985128 -0.168317 93.840103 0.241110 0.171652 0.955197 2.069131 0.000000 0.000000 0.000000 1.000000
0.970789 -0.005703 -0.239867 1.775713 -0.035628 0.985209 -0.167615 93.775330 0.237275 0.171265 0.956226 2.320736 0.000000 0.000000 0.000000 1.000000
0.971025 -0.004300 -0.238938 2.177253 -0.036777 0.985239 -0.167186 93.720428 0.236130 0.171129 0.956534 2.588212 0.000000 0.000000 0.000000 1.000000
0.970465 -0.003980 -0.241210 2.584052 -0.037399 0.985294 -0.166723 93.683075 0.238326 0.170820 0.956045 2.862866 0.000000 0.000000 0.000000 1.000000
0.969453 -0.004511 -0.245237 2.981728 -0.037445 0.985390 -0.166149 93.662094 0.242403 0.170256 0.955120 3.130906 0.000000 0.000000 0.000000 1.000000
0.968591 -0.005025 -0.248609 3.344906 -0.037409 0.985472 -0.165666 93.650726 0.245829 0.169763 0.954331 3.378621 0.000000 0.000000 0.000000 1.000000
0.968512 -0.004370 -0.248927 3.645202 -0.038140 0.985440 -0.165693 93.642212 0.246027 0.169970 0.954244 3.597524 0.000000 0.000000 0.000000 1.000000
0.969577 -0.001689 -0.244781 3.862911 -0.040355 0.985191 -0.166642 93.632828 0.241438 0.171450 0.955151 3.785005 0.000000 0.000000 0.000000 1.000000
0.971566 0.002896 -0.236749 3.995273 -0.044011 0.984707 -0.168566 93.621101 0.232640 0.174192 0.956836 3.939057 0.000000 0.000000 0.000000 1.000000
0.973692 0.008042 -0.227728 4.056077 -0.048101 0.984111 -0.170912 93.605438 0.222736 0.177370 0.958608 4.053552 0.000000 0.000000 0.000000 1.000000
0.975025 0.011790 -0.221783 4.065775 -0.051167 0.983653 -0.172654 93.585449 0.216122 0.179690 0.959689 4.117755 0.000000 0.000000 0.000000 1.000000
0.975013 0.012746 -0.221784 4.036476 -0.052197 0.983548 -0.172944 93.562546 0.215931 0.180199 0.959637 4.121527 0.000000 0.000000 0.000000 1.000000
0.973739 0.010957 -0.227402 3.961387 -0.051206 0.983789 -0.171862 93.544769 0.221832 0.178993 0.958515 4.060690 0.000000 0.000000 0.000000 1.000000
0.971944 0.007779 -0.235082 3.816474 -0.049120 0.984129 -0.170519 93.544403 0.230025 0.177282 0.956901 3.938296 0.000000 0.000000 0.000000 1.000000
0.970727 0.004876 -0.240136 3.573136 -0.047086 0.984257 -0.170356 93.572754 0.235525 0.176676 0.955674 3.761584 0.000000 0.000000 0.000000 1.000000
0.970889 0.003180 -0.239510 3.213184 -0.045704 0.984000 -0.172204 93.632477 0.235131 0.178138 0.955500 3.537627 0.000000 0.000000 0.000000 1.000000
0.972381 0.002593 -0.233384 2.737011 -0.044798 0.983420 -0.175719 93.713409 0.229059 0.181321 0.956376 3.273422 0.000000 0.000000 0.000000 1.000000
0.974442 0.002453 -0.224627 2.160368 -0.043850 0.982782 -0.179488 93.797424 0.220319 0.184751 0.957772 2.979564 0.000000 0.000000 0.000000 1.000000
0.976258 0.002213 -0.216598 1.505728 -0.042554 0.982421 -0.181763 93.867203 0.212389 0.186665 0.959191 2.672450 0.000000 0.000000 0.000000 1.000000
0.977498 0.001748 -0.210936 0.795544 -0.040907 0.982554 -0.181424 93.913795 0.206939 0.185971 0.960516 2.369152 0.000000 0.000000 0.000000 1.000000
0.978354 0.001219 -0.206935 0.051311 -0.038990 0.983159 -0.178546 93.938393 0.203233 0.182749 0.961925 2.077584 0.000000 0.000000 0.000000 1.000000
0.979235 0.000775 -0.202727 -0.704207 -0.036856 0.984009 -0.174266 93.948051 0.199350 0.178120 0.963604 1.793468 0.000000 0.000000 0.000000 1.000000
0.980410 0.000391 -0.196967 -1.446561 -0.034564 0.984822 -0.170088 93.949539 0.193911 0.173564 0.965543 1.508864 0.000000 0.000000 0.000000 1.000000
0.981856 -0.000066 -0.189627 -2.151437 -0.032198 0.985422 -0.167055 93.946083 0.186873 0.170130 0.967540 1.224124 0.000000 0.000000 0.000000 1.000000
0.983367 -0.000644 -0.181627 -2.795673 -0.029892 0.985784 -0.165336 93.940125 0.179152 0.168015 0.969369 0.951003 0.000000 0.000000 0.000000 1.000000
0.984717 -0.001319 -0.174157 -3.358682 -0.027765 0.985993 -0.164457 93.929909 0.171935 0.166779 0.970888 0.703922 0.000000 0.000000 0.000000 1.000000
0.985694 -0.002151 -0.168532 -3.821044 -0.025872 0.986137 -0.163901 93.911613 0.166549 0.165917 0.971974 0.491825 0.000000 0.000000 0.000000 1.000000
0.986032 -0.003520 -0.166520 -4.165859 -0.024083 0.986257 -0.163456 93.879379 0.164807 0.165183 0.972396 0.318592 0.000000 0.000000 0.000000 1.000000
0.985375 -0.006093 -0.170293 -4.383444 -0.022084 0.986365 -0.163082 93.831490 0.168965 0.164458 0.971805 0.189799 0.000000 0.000000 0.000000 1.000000
0.983364 -0.010319 -0.181352 -4.475509 -0.019641 0.986491 -0.162631 93.774437 0.180580 0.163488 0.969878 0.115917 0.000000 0.000000 0.000000 1.000000
0.979916 -0.015785 -0.198783 -4.454457 -0.016938 0.986671 -0.161846 93.720802 0.198688 0.161963 0.966587 0.107128 0.000000 0.000000 0.000000 1.000000
0.975652 -0.021050 -0.218312 -4.338110 -0.014654 0.986903 -0.160649 93.680367 0.218835 0.159936 0.962565 0.164835 0.000000 0.000000 0.000000 1.000000
0.972054 -0.024270 -0.233499 -4.143682 -0.013632 0.987128 -0.159351 93.653854 0.234361 0.158081 0.959211 0.279347 0.000000 0.000000 0.000000 1.000000
0.970755 -0.024265 -0.238843 -3.884583 -0.014346 0.987238 -0.158603 93.635536 0.239644 0.157391 0.958018 0.436107 0.000000 0.000000 0.000000 1.000000
0.972286 -0.021238 -0.232826 -3.569585 -0.016530 0.987128 -0.159074 93.622459 0.233208 0.158515 0.959420 0.624442 0.000000 0.000000 0.000000 1.000000
0.975636 -0.016568 -0.218769 -3.202244 -0.019346 0.986764 -0.161005 93.619904 0.218541 0.161314 0.962402 0.840954 0.000000 0.000000 0.000000 1.000000
0.979122 -0.011863 -0.202926 -2.781402 -0.022031 0.986221 -0.163958 93.636200 0.202075 0.165005 0.965370 1.086636 0.000000 0.000000 0.000000 1.000000
0.981537 -0.008052 -0.191102 -2.304199 -0.024442 0.985642 -0.167069 93.672806 0.189703 0.168655 0.967248 1.362427 0.000000 0.000000 0.000000 1.000000
0.982517 -0.005130 -0.186104 -1.771616 -0.026961 0.985162 -0.169497 93.720970 0.184212 0.171551 0.967800 1.667095 0.000000 0.000000 0.000000 1.000000
0.982284 -0.002574 -0.187381 -1.192549 -0.029983 0.984866 -0.170706 93.768028 0.184985 0.173300 0.967341 1.997742 0.000000 0.000000 0.000000 1.000000
0.981312 0.000062 -0.192423 -0.582032 -0.033511 0.984774 -0.170579 93.804062 0.189482 0.173839 0.966373 2.350614 0.000000 0.000000 0.000000 1.000000
0.980098 0.002902 -0.198493 0.046452 -0.037242 0.984828 -0.169489 93.825897 0.194989 0.173509 0.965336 2.721383 0.000000 0.000000 0.000000 1.000000
0.979015 0.005825 -0.203706 0.685747 -0.040861 0.984904 -0.168212 93.834045 0.199651 0.173005 0.964473 3.104553 0.000000 0.000000 0.000000 1.000000
0.978236 0.008588 -0.207318 1.331512 -0.044154 0.984876 -0.167542 93.828568 0.202744 0.173050 0.963820 3.492249 0.000000 0.000000 0.000000 1.000000
0.977733 0.010969 -0.209566 1.976938 -0.047023 0.984691 -0.167846 93.811287 0.204517 0.173963 0.963281 3.873988 0.000000 0.000000 0.000000 1.000000
0.977351 0.012847 -0.211234 2.609239 -0.049446 0.984390 -0.168910 93.786957 0.205767 0.175529 0.962730 4.237049 0.000000 0.000000 0.000000 1.000000
0.976935 0.014259 -0.213059 3.211510 -0.051485 0.984061 -0.170216 93.762939 0.207236 0.177260 0.962098 4.568038 0.000000 0.000000 0.000000 1.000000
0.976436 0.015390 -0.215260 3.766032 -0.053292 0.983759 -0.171403 93.747749 0.209126 0.178835 0.961397 4.855604 0.000000 0.000000 0.000000 1.000000
0.975930 0.016454 -0.217464 4.255320 -0.055024 0.983467 -0.172523 93.749992 0.211030 0.180336 0.960700 5.092809 0.000000 0.000000 0.000000 1.000000
0.975550 0.017558 -0.219077 4.661938 -0.056757 0.983118 -0.173950 93.775787 0.212324 0.182131 0.960076 5.277816 0.000000 0.000000 0.000000 1.000000
0.975376 0.018687 -0.219756 4.969532 -0.058481 0.982650 -0.176006 93.826057 0.212654 0.184524 0.959546 5.411762 0.000000 0.000000 0.000000 1.000000
0.975384 0.019785 -0.219622 5.166058 -0.060142 0.982076 -0.178631 93.895897 0.212152 0.187442 0.959092 5.495344 0.000000 0.000000 0.000000 1.000000
0.975486 0.020793 -0.219078 5.247147 -0.061647 0.981486 -0.181341 93.974861 0.211251 0.190401 0.958708 5.526908 0.000000 0.000000 0.000000 1.000000
0.975605 0.021587 -0.218471 5.216916 -0.062813 0.980998 -0.183568 94.052353 0.210357 0.192813 0.958422 5.504501 0.000000 0.000000 0.000000 1.000000
0.975719 0.021955 -0.217922 5.086642 -0.063406 0.980674 -0.185090 94.120239 0.209646 0.194413 0.958255 5.430007 0.000000 0.000000 0.000000 1.000000
0.975843 0.021718 -0.217390 4.871037 -0.063296 0.980475 -0.186179 94.172874 0.209102 0.195441 0.958164 5.310731 0.000000 0.000000 0.000000 1.000000
0.975983 0.020886 -0.216842 4.584245 -0.062595 0.980305 -0.187310 94.206314 0.208659 0.196384 0.958068 5.156961 0.000000 0.000000 0.000000 1.000000
0.976131 0.019661 -0.216293 4.237320 -0.061546 0.980111 -0.188666 94.218689 0.208281 0.197475 0.957926 4.977154 0.000000 0.000000 0.000000 1.000000
0.976286 0.018214 -0.215717 3.838497 -0.060231 0.979964 -0.189847 94.211380 0.207938 0.198338 0.957823 4.775360 0.000000 0.000000 0.000000 1.000000
0.976479 0.016513 -0.214979 3.396216 -0.058408 0.980041 -0.190024 94.188644 0.207550 0.198111 0.957954 4.551841 0.000000 0.000000 0.000000 1.000000
0.976752 0.014401 -0.213887 2.922429 -0.055719 0.980505 -0.188431 94.154282 0.207004 0.195968 0.958512 4.305736 0.000000 0.000000 0.000000 1.000000
0.977116 0.011845 -0.212379 2.432362 -0.052072 0.981388 -0.184840 94.110298 0.206237 0.191669 0.959547 4.037075 0.000000 0.000000 0.000000 1.000000
0.977523 0.009045 -0.210636 1.940550 -0.047808 0.982564 -0.179674 94.059906 0.205338 0.185706 0.960911 3.746586 0.000000 0.000000 0.000000 1.000000
0.977876 0.006326 -0.209088 1.458059 -0.043510 0.983833 -0.173723 94.006950 0.204609 0.178977 0.962342 3.437308 0.000000 0.000000 0.000000 1.000000
0.978049 0.003868 -0.208340 0.990176 -0.039629 0.985033 -0.167749 93.958328 0.204573 0.172323 0.963564 3.116204 0.000000 0.000000 0.000000 1.000000
0.977896 0.001645 -0.209083 0.540475 -0.036365 0.986067 -0.162325 93.918900 0.205903 0.166340 0.964331 2.796773 0.000000 0.000000 0.000000 1.000000
0.977294 -0.000365 -0.211886 0.117861 -0.033864 0.986875 -0.157892 93.886276 0.209163 0.161483 0.964455 2.497371 0.000000 0.000000 0.000000 1.000000
0.976234 -0.001978 -0.216711 -0.264327 -0.032350 0.987425 -0.154743 93.857338 0.214292 0.158076 0.963894 2.231326 0.000000 0.000000 0.000000 1.000000
0.974934 -0.002683 -0.222477 -0.591182 -0.032170 0.987720 -0.152888 93.834389 0.220155 0.156213 0.962875 2.000656 0.000000 0.000000 0.000000 1.000000
0.973844 -0.001845 -0.227211 -0.849338 -0.033621 0.987789 -0.152125 93.825424 0.224717 0.155786 0.961890 1.800848 0.000000 0.000000 0.000000 1.000000
0.973397 0.000757 -0.229124 -1.025530 -0.036651 0.987633 -0.152442 93.836914 0.226175 0.156784 0.961386 1.633776 0.000000 0.000000 0.000000 1.000000
0.973642 0.004383 -0.228040 -1.101195 -0.040577 0.987194 -0.154274 93.865639 0.224444 0.159461 0.961352 1.515383 0.000000 0.000000 0.000000 1.000000
0.974119 0.007392 -0.225914 -1.049736 -0.044127 0.986453 -0.157996 93.899719 0.221685 0.163876 0.961249 1.468382 0.000000 0.000000 0.000000 1.000000
0.974185 0.008216 -0.225601 -0.842194 -0.046048 0.985559 -0.162952 93.926132 0.221004 0.169134 0.960495 1.506923 0.000000 0.000000 0.000000 1.000000
0.973486 0.006610 -0.228653 -0.461450 -0.045974 0.984840 -0.167262 93.936203 0.224081 0.173339 0.959031 1.627389 0.000000 0.000000 0.000000 1.000000
0.972196 0.003985 -0.234134 0.083499 -0.044724 0.984610 -0.168949 93.924812 0.229857 0.174723 0.957412 1.812382 0.000000 0.000000 0.000000 1.000000
0.970851 0.002329 -0.239672 0.752225 -0.043694 0.984917 -0.167422 93.886185 0.235667 0.173014 0.956309 2.041138 0.000000 0.000000 0.000000 1.000000
0.969870 0.002688 -0.243607 1.484443 -0.043900 0.985499 -0.163906 93.813690 0.239634 0.169662 0.955924 2.296774 0.000000 0.000000 0.000000 1.000000
0.969256 0.004648 -0.246011 2.222661 -0.045443 0.986004 -0.160410 93.705780 0.241822 0.166658 0.955901 2.567343 0.000000 0.000000 0.000000 1.000000
0.968771 0.007139 -0.247854 2.931492 -0.047747 0.986249 -0.158218 93.571571 0.243316 0.165111 0.955791 2.843912 0.000000 0.000000 0.000000 1.000000
0.968281 0.009481 -0.249684 3.599767 -0.050224 0.986269 -0.157323 93.429047 0.244764 0.164873 0.955462 3.118918 0.000000 0.000000 0.000000 1.000000
0.967817 0.011641 -0.251384 4.226410 -0.052632 0.986201 -0.156963 93.296448 0.246088 0.165142 0.955075 3.383787 0.000000 0.000000 0.000000 1.000000
0.967413 0.013751 -0.252830 4.803973 -0.054898 0.986163 -0.156423 93.185387 0.247181 0.165206 0.954782 3.625987 0.000000 0.000000 0.000000 1.000000
0.967043 0.015731 -0.254126 5.314964 -0.056875 0.986216 -0.155379 93.100525 0.248178 0.164712 0.954609 3.829157 0.000000 0.000000 0.000000 1.000000
0.966818 0.017483 -0.254865 5.739348 -0.058398 0.986364 -0.153871 93.041885 0.248700 0.163649 0.954656 3.978426 0.000000 0.000000 0.000000 1.000000
0.967139 0.019277 -0.253516 6.064519 -0.059573 0.986545 -0.152250 93.010658 0.247170 0.162350 0.955275 4.066758 0.000000 0.000000 0.000000 1.000000
0.968474 0.021667 -0.248171 6.288135 -0.060803 0.986640 -0.151142 93.008842 0.241581 0.161467 0.956853 4.097495 0.000000 0.000000 0.000000 1.000000
0.970841 0.024846 -0.238434 6.415658 -0.062386 0.986530 -0.151216 93.036423 0.231465 0.161681 0.959314 4.080414 0.000000 0.000000 0.000000 1.000000
0.973594 0.028155 -0.226544 6.457549 -0.064053 0.986193 -0.152711 93.087341 0.219117 0.163189 0.961955 4.024935 0.000000 0.000000 0.000000 1.000000
0.975842 0.030378 -0.216356 6.426583 -0.065073 0.985754 -0.155095 93.148949 0.208562 0.165427 0.963917 3.934718 0.000000 0.000000 0.000000 1.000000
0.977060 0.030706 -0.210737 6.333985 -0.064896 0.985417 -0.157298 93.206612 0.202834 0.167366 0.964804 3.807703 0.000000 0.000000 0.000000 1.000000
0.977335 0.029438 -0.209642 6.183868 -0.063659 0.985318 -0.158417 93.250740 0.201900 0.168172 0.964860 3.639965 0.000000 0.000000 0.000000 1.000000
0.977209 0.027723 -0.210460 5.970350 -0.062027 0.985458 -0.158192 93.281334 0.203014 0.167641 0.964719 3.429636 0.000000 0.000000 0.000000 1.000000
0.977316 0.026641 -0.210103 5.682061 -0.060608 0.985747 -0.156935 93.306305 0.202928 0.166109 0.965002 3.178172 0.000000 0.000000 0.000000 1.000000
0.977993 0.026483 -0.206950 5.312408 -0.059544 0.986087 -0.155199 93.334244 0.199961 0.164106 0.965963 2.890319 0.000000 0.000000 0.000000 1.000000
0.979153 0.026791 -0.201349 4.867643 -0.058569 0.986401 -0.153569 93.369041 0.194497 0.162161 0.967406 2.574561 0.000000 0.000000 0.000000 1.000000
0.980466 0.026890 -0.194841 4.366816 -0.057378 0.986625 -0.152572 93.408371 0.188132 0.160771 0.968896 2.243364 0.000000 0.000000 0.000000 1.000000
0.981599 0.026394 -0.189122 3.835489 -0.055914 0.986720 -0.152503 93.445831 0.182585 0.160271 0.970039 1.910248 0.000000 0.000000 0.000000 1.000000
0.982330 0.025360 -0.185432 3.299583 -0.054385 0.986703 -0.153163 93.474144 0.179082 0.160541 0.970647 1.584495 0.000000 0.000000 0.000000 1.000000
0.982562 0.024121 -0.184363 2.782330 -0.053079 0.986676 -0.153794 93.488785 0.178197 0.160898 0.970751 1.269633 0.000000 0.000000 0.000000 1.000000
0.982310 0.022948 -0.185852 2.301601 -0.052091 0.986778 -0.153481 93.491898 0.179872 0.160447 0.970517 0.969037 0.000000 0.000000 0.000000 1.000000
0.981694 0.021787 -0.189213 1.866189 -0.051169 0.987082 -0.151822 93.492165 0.183461 0.158725 0.970128 0.693006 0.000000 0.000000 0.000000 1.000000
0.980922 0.020340 -0.193333 1.474027 -0.049895 0.987539 -0.149255 93.499817 0.187888 0.156054 0.969714 0.457906 0.000000 0.000000 0.000000 1.000000
0.980209 0.018552 -0.197096 1.119710 -0.048206 0.988000 -0.146739 93.517517 0.192008 0.153336 0.969340 0.275914 0.000000 0.000000 0.000000 1.000000
0.979642 0.017065 -0.200024 0.810790 -0.046817 0.988328 -0.144972 93.535698 0.195215 0.151385 0.969007 0.145463 0.000000 0.000000 0.000000 1.000000
0.979084 0.016967 -0.202746 0.577238 -0.046928 0.988480 -0.143894 93.538055 0.197969 0.150399 0.968601 0.055989 0.000000 0.000000 0.000000 1.000000
0.978292 0.018660 -0.206391 0.449251 -0.049045 0.988492 -0.143104 93.518860 0.201346 0.150120 0.967948 0.004768 0.000000 0.000000 0.000000 1.000000
0.977307 0.020907 -0.210793 0.408844 -0.051961 0.988375 -0.142880 93.496994 0.205355 0.150590 0.967033 0.005076 0.000000 0.000000 0.000000 1.000000
0.976635 0.021608 -0.213818 0.379076 -0.053467 0.988079 -0.144366 93.504066 0.208149 0.152425 0.966147 0.069269 0.000000 0.000000 0.000000 1.000000
0.976704 0.019790 -0.213677 0.292582 -0.052431 0.987567 -0.148195 93.553314 0.208088 0.155946 0.965598 0.187042 0.000000 0.000000 0.000000 1.000000
0.977374 0.016164 -0.210900 0.148152 -0.049485 0.986880 -0.153687 93.630920 0.205649 0.160646 0.965350 0.333222 0.000000 0.000000 0.000000 1.000000
0.978273 0.011936 -0.206975 -0.020731 -0.045849 0.986077 -0.159843 93.717888 0.202185 0.165859 0.965200 0.488431 0.000000 0.000000 0.000000 1.000000</float_array><technique_common><accessor source="#Hips-Matrix-animation-output-transform-array" count="121" stride="16"><param type="float4x4"/></accessor></technique_common></source><source id="Hips-Interpolations"><Name_array id="Hips-Interpolations-array" count="121">
 LINEAR LINEAR LINEAR LINEAR LINEAR LINEAR LINEAR LINEAR LINEAR LINEAR LINEAR
LINEAR LINEAR LINEAR LINEAR LINEAR LINEAR LINEAR LINEAR LINEAR LINEAR LINEAR LINEAR
LINEAR LINEAR LINEAR LINEAR LINEAR LINEAR LINEAR LINEAR LINEAR LINEAR LINEAR LINEAR
LINEAR LINEAR LINEAR LINEAR LINEAR LINEAR LINEAR LINEAR LINEAR LINEAR LINEAR LINEAR
LINEAR LINEAR LINEAR LINEAR LINEAR LINEAR LINEAR LINEAR LINEAR LINEAR LINEAR LINEAR
LINEAR LINEAR LINEAR LINEAR LINEAR LINEAR LINEAR LINEAR LINEAR LINEAR LINEAR LINEAR
LINEAR LINEAR LINEAR LINEAR LINEAR LINEAR LINEAR LINEAR LINEAR LINEAR LINEAR LINEAR
LINEAR LINEAR LINEAR LINEAR LINEAR LINEAR LINEAR LINEAR LINEAR LINEAR LINEAR LINEAR
LINEAR LINEAR LINEAR LINEAR LINEAR LINEAR LINEAR LINEAR LINEAR LINEAR LINEAR LINEAR
LINEAR LINEAR LINEAR LINEAR LINEAR LINEAR LINEAR LINEAR LINEAR LINEAR LINEAR LINEAR
LINEAR LINEAR</Name_array><technique_common><accessor source="#Hips-Interpolations-array" count="121"><param type="name"/></accessor></technique_common></source><sampler id="Hips-Matrix-animation-transform"><input semantic="INPUT" source="#Hips-Matrix-animation-input"/><input semantic="OUTPUT" source="#Hips-Matrix-animation-output-transform"/><input semantic="INTERPOLATION" source="#Hips-Interpolations"/></sampler><channel source="#Hips-Matrix-animation-transform" target="Hips/matrix"/></animation>
    <animation id="Spine-anim" name="Spine"><source id="Spine-Matrix-animation-input"><float_array id="Spine-Matrix-animation-input-array" count="121">

0.000000 0.033333 0.066667 0.100000 0.133333 0.166667 0.200000 0.233333 0.266667 0.300000 0.333333 0.366667 0.400000 0.433333 0.466667 0.500000
0.533333 0.566667 0.600000 0.633333 0.666667 0.700000 0.733333 0.766667 0.800000 0.833333 0.866667 0.900000 0.933333 0.966667 1.000000 1.033333
1.066667 1.100000 1.133333 1.166667 1.200000 1.233333 1.266667 1.300000 1.333333 1.366667 1.400000 1.433333 1.466667 1.500000 1.533333 1.566667
1.600000 1.633333 1.666667 1.700000 1.733333 1.766667 1.800000 1.833333 1.866667 1.900000 1.933333 1.966667 2.000000 2.033333 2.066667 2.100000
2.133333 2.166667 2.200000 2.233333 2.266667 2.300000 2.333333 2.366667 2.400000 2.433333 2.466667 2.500000 2.533333 2.566667 2.600000 2.633333
2.666667 2.700000 2.733333 2.766667 2.800000 2.833333 2.866667 2.900000 2.933333 2.966667 3.000000 3.033333 3.066667 3.100000 3.133333 3.166667
3.200000 3.233333 3.266667 3.300000 3.333333 3.366667 3.400000 3.433333 3.466667 3.500000 3.533333 3.566667 3.600000 3.633333 3.666667 3.700000
3.733333 3.766667 3.800000 3.833333 3.866667 3.900000 3.933333 3.966667 4.000000</float_array><technique_common><accessor source="#Spine-Matrix-animation-input-array" count="121"><param name="TIME" type="float"/></accessor></technique_common></source><source id="Spine-Matrix-animation-output-transform"><float_array id="Spine-Matrix-animation-output-transform-array" count="1936">

0.999432 -0.021897 -0.025608 0.000000 0.017469 0.986652 -0.161901 13.315500 0.028811 0.161362 0.986475 0.589700 0.000000 0.000000 0.000000 1.000000
0.999381 -0.022615 -0.026944 0.000000 0.018002 0.986856 -0.160594 13.315500 0.030221 0.160009 0.986653 0.589700 0.000000 0.000000 0.000000 1.000000
0.999331 -0.023210 -0.028280 0.000000 0.018417 0.987061 -0.159287 13.315500 0.031611 0.158659 0.986827 0.589700 0.000000 0.000000 0.000000 1.000000
0.999284 -0.023628 -0.029558 0.000000 0.018669 0.987259 -0.158025 13.315500 0.032916 0.157360 0.986993 0.589700 0.000000 0.000000 0.000000 1.000000
0.999243 -0.023873 -0.030710 0.000000 0.018772 0.987449 -0.156818 13.315500 0.034068 0.156123 0.987150 0.589700 0.000000 0.000000 0.000000 1.000000
0.999214 -0.023960 -0.031578 0.000000 0.018763 0.987631 -0.155672 13.315500 0.034918 0.154958 0.987304 0.589700 0.000000 0.000000 0.000000 1.000000
0.999205 -0.023832 -0.031972 -0.000000 0.018609 0.987786 -0.154700 13.315500 0.035269 0.153981 0.987444 0.589700 0.000000 0.000000 0.000000 1.000000
0.999215 -0.023422 -0.031957 0.000000 0.018227 0.987881 -0.154137 13.315500 0.035179 0.153434 0.987533 0.589700 0.000000 0.000000 0.000000 1.000000
0.999230 -0.022810 -0.031933 -0.000000 0.017624 0.987885 -0.154183 13.315500 0.035063 0.153501 0.987526 0.589700 0.000000 0.000000 0.000000 1.000000
0.999235 -0.022168 -0.032204 0.000000 0.016925 0.987799 -0.154813 13.315500 0.035243 0.154150 0.987419 0.589700 0.000000 0.000000 0.000000 1.000000
0.999233 -0.021595 -0.032657 -0.000000 0.016252 0.987651 -0.155823 13.315500 0.035618 0.155173 0.987245 0.589700 0.000000 0.000000 0.000000 1.000000
0.999233 -0.021109 -0.032994 -0.000000 0.015678 0.987481 -0.156955 13.315500 0.035894 0.156317 0.987054 0.589700 0.000000 0.000000 0.000000 1.000000
0.999238 -0.020723 -0.033075 -0.000000 0.015247 0.987326 -0.157970 13.315500 0.035930 0.157346 0.986890 0.589700 0.000000 0.000000 0.000000 1.000000
0.999246 -0.020471 -0.032992 -0.000000 0.014986 0.987218 -0.158668 13.315500 0.035819 0.158054 0.986781 0.589700 0.000000 0.000000 0.000000 1.000000
0.999248 -0.020388 -0.032972 -0.000000 0.014898 0.987180 -0.158916 13.315500 0.035789 0.158305 0.986741 0.589700 0.000000 0.000000 0.000000 1.000000
0.999238 -0.020473 -0.033243 -0.000000 0.014948 0.987217 -0.158682 13.315500 0.036067 0.158064 0.986770 0.589700 0.000000 0.000000 0.000000 1.000000
0.999210 -0.020684 -0.033937 0.000000 0.015070 0.987315 -0.158057 13.315500 0.036776 0.157421 0.986847 0.589700 0.000000 0.000000 0.000000 1.000000
0.999167 -0.020950 -0.035020 -0.000000 0.015194 0.987447 -0.157221 13.315500 0.037874 0.156558 0.986942 0.589700 0.000000 0.000000 0.000000 1.000000
0.999116 -0.021216 -0.036288 -0.000000 0.015291 0.987575 -0.156400 13.315500 0.039155 0.155707 0.987027 0.589700 0.000000 0.000000 0.000000 1.000000
0.999068 -0.021478 -0.037443 -0.000000 0.015394 0.987669 -0.155798 13.315500 0.040328 0.155076 0.987079 0.589700 0.000000 0.000000 0.000000 1.000000
0.999032 -0.021782 -0.038224 0.000000 0.015584 0.987707 -0.155537 13.315500 0.041142 0.154791 0.987090 0.589700 0.000000 0.000000 0.000000 1.000000
0.999012 -0.022201 -0.038504 0.000000 0.015950 0.987686 -0.155635 13.315500 0.041485 0.154867 0.987064 0.589700 0.000000 0.000000 0.000000 1.000000
0.999005 -0.022802 -0.038329 -0.000000 0.016557 0.987616 -0.156011 13.315500 0.041411 0.155222 0.987011 0.589700 0.000000 0.000000 0.000000 1.000000
0.999004 -0.023619 -0.037868 -0.000000 0.017413 0.987519 -0.156537 13.315500 0.041092 0.155721 0.986946 0.589700 0.000000 0.000000 0.000000 1.000000
0.999000 -0.024623 -0.037327 0.000000 0.018468 0.987413 -0.157081 13.315500 0.040725 0.156234 0.986880 0.589700 0.000000 0.000000 0.000000 1.000000
0.998989 -0.025744 -0.036851 0.000000 0.019631 0.987315 -0.157555 13.315500 0.040440 0.156672 0.986822 0.589700 0.000000 0.000000 0.000000 1.000000
0.998973 -0.026875 -0.036486 0.000000 0.020791 0.987232 -0.157929 13.315500 0.040265 0.157008 0.986776 0.589700 0.000000 0.000000 0.000000 1.000000
0.998955 -0.027918 -0.036190 -0.000000 0.021856 0.987161 -0.158226 13.315500 0.040143 0.157269 0.986740 0.589700 0.000000 0.000000 0.000000 1.000000
0.998940 -0.028818 -0.035899 -0.000000 0.022779 0.987094 -0.158511 13.315500 0.040004 0.157526 0.986704 0.589700 0.000000 0.000000 0.000000 1.000000
0.998929 -0.029583 -0.035583 0.000000 0.023571 0.987018 -0.158873 13.315500 0.039821 0.157864 0.986658 0.589700 0.000000 0.000000 0.000000 1.000000
0.998919 -0.030270 -0.035280 0.000000 0.024277 0.986916 -0.159395 13.315500 0.039643 0.158367 0.986584 0.589700 0.000000 0.000000 0.000000 1.000000
0.998905 -0.030941 -0.035081 0.000000 0.024941 0.986780 -0.160133 13.315500 0.039572 0.159083 0.986472 0.589700 0.000000 0.000000 0.000000 1.000000
0.998884 -0.031616 -0.035081 -0.000000 0.025571 0.986609 -0.161085 13.315500 0.039704 0.160008 0.986317 0.589700 0.000000 0.000000 0.000000 1.000000
0.998855 -0.032288 -0.035288 0.000000 0.026157 0.986417 -0.162165 13.315500 0.040045 0.161056 0.986133 0.589700 0.000000 0.000000 0.000000 1.000000
0.998826 -0.032844 -0.035595 0.000000 0.026614 0.986233 -0.163204 13.315500 0.040466 0.162065 0.985950 0.589700 0.000000 0.000000 0.000000 1.000000
0.998812 -0.033105 -0.035758 0.000000 0.026813 0.986098 -0.163986 13.315500 0.040690 0.162832 0.985814 0.589700 0.000000 0.000000 0.000000 1.000000
0.998830 -0.032871 -0.035460 0.000000 0.026616 0.986048 -0.164321 13.315500 0.040366 0.163185 0.985769 0.589700 0.000000 0.000000 0.000000 1.000000
0.998896 -0.031981 -0.034420 -0.000000 0.025915 0.986100 -0.164121 13.315500 0.039191 0.163048 0.985839 0.589700 0.000000 0.000000 0.000000 1.000000
0.999009 -0.030386 -0.032526 -0.000000 0.024676 0.986244 -0.163446 13.315500 0.037045 0.162482 0.986016 0.589700 0.000000 0.000000 0.000000 1.000000
0.999155 -0.028204 -0.029909 0.000000 0.022981 0.986442 -0.162496 13.315500 0.034087 0.161671 0.986256 0.589700 0.000000 0.000000 0.000000 1.000000
0.999306 -0.025708 -0.026946 -0.000000 0.021027 0.986642 -0.161542 13.315500 0.030739 0.160864 0.986498 0.589700 0.000000 0.000000 0.000000 1.000000
0.999438 -0.023265 -0.024154 0.000000 0.019084 0.986799 -0.160822 13.315500 0.027577 0.160270 0.986688 0.589700 0.000000 0.000000 0.000000 1.000000
0.999532 -0.021212 -0.022021 -0.000000 0.017409 0.986893 -0.160434 13.315500 0.025135 0.159976 0.986801 0.589700 0.000000 0.000000 0.000000 1.000000
0.999588 -0.019763 -0.020822 0.000000 0.016174 0.986935 -0.160305 13.315500 0.023718 0.159903 0.986848 0.589700 0.000000 0.000000 0.000000 1.000000
0.999610 -0.018949 -0.020518 0.000000 0.015421 0.986962 -0.160214 13.315500 0.023287 0.159835 0.986869 0.589700 0.000000 0.000000 0.000000 1.000000
0.999610 -0.018628 -0.020793 -0.000000 0.015067 0.987019 -0.159893 13.315500 0.023502 0.159517 0.986915 0.589700 0.000000 0.000000 0.000000 1.000000
0.999604 -0.018552 -0.021180 -0.000000 0.014948 0.987141 -0.159153 13.315500 0.023860 0.158773 0.987027 0.589700 0.000000 0.000000 0.000000 1.000000
0.999604 -0.018470 -0.021238 -0.000000 0.014887 0.987332 -0.157965 13.315500 0.023886 0.157586 0.987216 0.589700 0.000000 0.000000 0.000000 1.000000
0.999620 -0.018209 -0.020705 0.000000 0.014748 0.987571 -0.156478 13.315500 0.023297 0.156113 0.987464 0.589700 0.000000 0.000000 0.000000 1.000000
0.999652 -0.017674 -0.019572 0.000000 0.014431 0.987816 -0.154954 13.315500 0.022072 0.154618 0.987728 0.589700 0.000000 0.000000 0.000000 1.000000
0.999695 -0.016861 -0.018047 0.000000 0.013890 0.988025 -0.153670 13.315500 0.020422 0.153372 0.987957 0.589700 0.000000 0.000000 0.000000 1.000000
0.999739 -0.015839 -0.016447 -0.000000 0.013142 0.988168 -0.152814 13.315500 0.018673 0.152558 0.988118 0.589700 0.000000 0.000000 0.000000 1.000000
0.999779 -0.014671 -0.015083 0.000000 0.012202 0.988239 -0.152432 13.315500 0.017142 0.152214 0.988199 0.589700 0.000000 0.000000 0.000000 1.000000
0.999810 -0.013422 -0.014148 -0.000000 0.011110 0.988252 -0.152430 13.315500 0.016028 0.152243 0.988213 0.589700 0.000000 0.000000 0.000000 1.000000
0.999833 -0.012149 -0.013679 -0.000000 0.009920 0.988233 -0.152635 13.315500 0.015373 0.152474 0.988188 0.589700 0.000000 0.000000 0.000000 1.000000
0.999848 -0.010902 -0.013586 0.000000 0.008698 0.988208 -0.152873 13.315500 0.015092 0.152732 0.988152 0.589700 0.000000 0.000000 0.000000 1.000000
0.999858 -0.009731 -0.013722 0.000000 0.007517 0.988193 -0.153030 13.315500 0.015050 0.152906 0.988126 0.589700 0.000000 0.000000 0.000000 1.000000
0.999865 -0.008683 -0.013963 0.000000 0.006444 0.988193 -0.153078 13.315500 0.015127 0.152967 0.988115 0.589700 0.000000 0.000000 0.000000 1.000000
0.999868 -0.007795 -0.014237 0.000000 0.005525 0.988203 -0.153050 13.315500 0.015262 0.152951 0.988116 0.589700 0.000000 0.000000 0.000000 1.000000
0.999870 -0.007064 -0.014519 0.000000 0.004760 0.988216 -0.152991 13.315500 0.015429 0.152902 0.988121 0.589700 0.000000 0.000000 0.000000 1.000000
0.999870 -0.006438 -0.014804 -0.000000 0.004099 0.988229 -0.152928 13.315500 0.015614 0.152847 0.988126 0.589700 0.000000 0.000000 0.000000 1.000000
0.999869 -0.005850 -0.015064 -0.000000 0.003479 0.988244 -0.152847 13.315500 0.015781 0.152775 0.988135 0.589700 0.000000 0.000000 0.000000 1.000000
0.999870 -0.005244 -0.015240 -0.000000 0.002856 0.988266 -0.152715 13.315500 0.015862 0.152652 0.988153 0.589700 0.000000 0.000000 0.000000 1.000000
0.999873 -0.004606 -0.015250 0.000000 0.002227 0.988301 -0.152501 13.315500 0.015774 0.152448 0.988186 0.589700 0.000000 0.000000 0.000000 1.000000
0.999879 -0.003940 -0.015018 0.000000 0.001609 0.988348 -0.152203 13.315500 0.015443 0.152160 0.988235 0.589700 0.000000 0.000000 0.000000 1.000000
0.999889 -0.003260 -0.014516 0.000000 0.001018 0.988401 -0.151860 13.315500 0.014842 0.151829 0.988295 0.589700 0.000000 0.000000 0.000000 1.000000
0.999902 -0.002581 -0.013774 0.000000 0.000464 0.988449 -0.151554 13.315500 0.014006 0.151533 0.988353 0.589700 0.000000 0.000000 0.000000 1.000000
0.999915 -0.001926 -0.012885 0.000000 -0.000047 0.988475 -0.151387 13.315500 0.013028 0.151374 0.988391 0.589700 0.000000 0.000000 0.000000 1.000000
0.999927 -0.001329 -0.011972 -0.000000 -0.000500 0.988464 -0.151458 13.315500 0.012035 0.151453 0.988391 0.589700 0.000000 0.000000 0.000000 1.000000
0.999937 -0.000844 -0.011152 -0.000000 -0.000859 0.988405 -0.151838 13.315500 0.011151 0.151838 0.988342 0.589700 0.000000 0.000000 0.000000 1.000000
0.999945 -0.000543 -0.010491 0.000000 -0.001064 0.988295 -0.152550 13.315500 0.010451 0.152552 0.988240 0.589700 0.000000 0.000000 0.000000 1.000000
0.999950 -0.000487 -0.009986 0.000000 -0.001053 0.988139 -0.153561 13.315500 0.009942 0.153564 0.988089 0.589700 0.000000 0.000000 0.000000 1.000000
0.999954 -0.000744 -0.009557 0.000000 -0.000744 0.987947 -0.154789 13.315500 0.009557 0.154789 0.987901 0.589700 0.000000 0.000000 0.000000 1.000000
0.999958 -0.001336 -0.009089 0.000000 -0.000099 0.987740 -0.156110 13.315500 0.009186 0.156104 0.987698 0.589700 0.000000 0.000000 0.000000 1.000000
0.999961 -0.002215 -0.008493 0.000000 0.000851 0.987538 -0.157377 13.315500 0.008736 0.157364 0.987502 0.589700 0.000000 0.000000 0.000000 1.000000
0.999965 -0.003311 -0.007748 0.000000 0.002042 0.987366 -0.158441 13.315500 0.008174 0.158419 0.987338 0.589700 0.000000 0.000000 0.000000 1.000000
0.999966 -0.004518 -0.006949 -0.000000 0.003354 0.987246 -0.159165 13.315500 0.007579 0.159136 0.987228 0.589700 0.000000 0.000000 0.000000 1.000000
0.999964 -0.005751 -0.006303 0.000000 0.004673 0.987194 -0.159455 13.315500 0.007139 0.159420 0.987185 0.589700 0.000000 0.000000 0.000000 1.000000
0.999957 -0.006992 -0.006072 0.000000 0.005936 0.987215 -0.159282 13.315500 0.007108 0.159239 0.987214 0.589700 0.000000 0.000000 0.000000 1.000000
0.999945 -0.008277 -0.006492 -0.000000 0.007142 0.987301 -0.158701 13.315500 0.007723 0.158646 0.987305 0.589700 0.000000 0.000000 0.000000 1.000000
0.999924 -0.009661 -0.007684 0.000000 0.008328 0.987425 -0.157866 13.315500 0.009112 0.157790 0.987431 0.589700 0.000000 0.000000 0.000000 1.000000
0.999891 -0.011187 -0.009600 0.000000 0.009541 0.987553 -0.156996 13.315500 0.011236 0.156887 0.987553 0.589700 0.000000 0.000000 0.000000 1.000000
0.999845 -0.012836 -0.012024 -0.000000 0.010799 0.987647 -0.156324 13.315500 0.013882 0.156170 0.987633 0.589700 0.000000 0.000000 0.000000 1.000000
0.999788 -0.014505 -0.014646 0.000000 0.012044 0.987680 -0.156026 13.315500 0.016729 0.155817 0.987644 0.589700 0.000000 0.000000 0.000000 1.000000
0.999724 -0.016017 -0.017160 -0.000000 0.013144 0.987645 -0.156155 13.315500 0.019449 0.155886 0.987584 0.589700 0.000000 0.000000 0.000000 1.000000
0.999666 -0.017166 -0.019337 0.000000 0.013928 0.987561 -0.156618 13.315500 0.021785 0.156296 0.987470 0.589700 0.000000 0.000000 0.000000 1.000000
0.999620 -0.017771 -0.021063 0.000000 0.014243 0.987464 -0.157202 13.315500 0.023593 0.156842 0.987342 0.589700 0.000000 0.000000 0.000000 1.000000
0.999594 -0.017717 -0.022330 -0.000000 0.013979 0.987397 -0.157645 13.315500 0.024841 0.157269 0.987243 0.589700 0.000000 0.000000 0.000000 1.000000
0.999587 -0.016968 -0.023206 0.000000 0.013099 0.987395 -0.157730 13.315500 0.025590 0.157360 0.987210 0.589700 0.000000 0.000000 0.000000 1.000000
0.999596 -0.015575 -0.023786 0.000000 0.011641 0.987471 -0.157372 13.315500 0.025939 0.157031 0.987253 0.589700 0.000000 0.000000 0.000000 1.000000
0.999615 -0.013672 -0.024156 -0.000000 0.009722 0.987605 -0.156656 13.315500 0.025999 0.156361 0.987358 0.589700 0.000000 0.000000 0.000000 1.000000
0.999637 -0.011466 -0.024384 -0.000000 0.007529 0.987759 -0.155804 13.315500 0.025872 0.155564 0.987487 0.589700 0.000000 0.000000 0.000000 1.000000
0.999657 -0.009224 -0.024530 0.000000 0.005309 0.987887 -0.155082 13.315500 0.025664 0.154898 0.987597 0.589700 0.000000 0.000000 0.000000 1.000000
0.999670 -0.007222 -0.024671 -0.000000 0.003320 0.987956 -0.154701 13.315500 0.025492 0.154568 0.987653 0.589700 0.000000 0.000000 0.000000 1.000000
0.999674 -0.005716 -0.024882 0.000000 0.001798 0.987953 -0.154742 13.315500 0.025466 0.154646 0.987642 0.589700 0.000000 0.000000 0.000000 1.000000
0.999671 -0.004877 -0.025199 0.000000 0.000909 0.987891 -0.155147 13.315500 0.025650 0.155073 0.987570 0.589700 0.000000 0.000000 0.000000 1.000000
0.999661 -0.004752 -0.025589 0.000000 0.000708 0.987793 -0.155768 13.315500 0.026016 0.155697 0.987462 0.589700 0.000000 0.000000 0.000000 1.000000
0.999650 -0.005261 -0.025932 0.000000 0.001139 0.987686 -0.156442 13.315500 0.026435 0.156358 0.987347 0.589700 0.000000 0.000000 0.000000 1.000000
0.999640 -0.006238 -0.026076 0.000000 0.002066 0.987587 -0.157057 13.315500 0.026732 0.156946 0.987245 0.589700 0.000000 0.000000 0.000000 1.000000
0.999636 -0.007491 -0.025915 0.000000 0.003315 0.987503 -0.157568 13.315500 0.026772 0.157425 0.987168 0.589700 0.000000 0.000000 0.000000 1.000000
0.999637 -0.008867 -0.025457 0.000000 0.004735 0.987429 -0.157993 13.315500 0.026538 0.157815 0.987112 0.589700 0.000000 0.000000 0.000000 1.000000
0.999639 -0.010290 -0.024833 -0.000000 0.006229 0.987360 -0.158373 13.315500 0.026149 0.158161 0.987067 0.589700 0.000000 0.000000 0.000000 1.000000
0.999637 -0.011764 -0.024244 0.000000 0.007769 0.987290 -0.158739 13.315500 0.025803 0.158493 0.987023 0.589700 0.000000 0.000000 0.000000 1.000000
0.999626 -0.013321 -0.023872 0.000000 0.009356 0.987217 -0.159106 13.315500 0.025687 0.158823 0.986973 0.589700 0.000000 0.000000 0.000000 1.000000
0.999605 -0.014946 -0.023814 -0.000000 0.010960 0.987140 -0.159480 13.315500 0.025891 0.159156 0.986914 0.589700 0.000000 0.000000 0.000000 1.000000
0.999574 -0.016530 -0.024041 -0.000000 0.012478 0.987058 -0.159879 13.315500 0.026373 0.159511 0.986844 0.589700 0.000000 0.000000 0.000000 1.000000
0.999542 -0.017889 -0.024416 0.000000 0.013748 0.986965 -0.160345 13.315500 0.026966 0.159935 0.986759 0.589700 0.000000 0.000000 0.000000 1.000000
0.999516 -0.018823 -0.024749 -0.000000 0.014599 0.986858 -0.160927 13.315500 0.027453 0.160488 0.986656 0.589700 0.000000 0.000000 0.000000 1.000000
0.999506 -0.019209 -0.024869 0.000000 0.014941 0.986731 -0.161672 13.315500 0.027644 0.161221 0.986531 0.589700 0.000000 0.000000 0.000000 1.000000
0.999513 -0.019071 -0.024687 0.000000 0.014808 0.986583 -0.162591 13.315500 0.027457 0.162146 0.986385 0.589700 0.000000 0.000000 0.000000 1.000000
0.999533 -0.018588 -0.024237 0.000000 0.014376 0.986414 -0.163650 13.315500 0.026950 0.163225 0.986221 0.589700 0.000000 0.000000 0.000000 1.000000
0.999557 -0.018053 -0.023642 0.000000 0.013916 0.986234 -0.164769 13.315500 0.026291 0.164367 0.986049 0.589700 0.000000 0.000000 0.000000 1.000000
0.999577 -0.017770 -0.023017 0.000000 0.013711 0.986058 -0.165834 13.315500 0.025642 0.165449 0.985885 0.589700 0.000000 0.000000 0.000000 1.000000
